2
100000000 1.0 0.0 0.0 0.0 0.0 0.0 0.0 0.0 0.0
121000000 1.0 0.0 0.0 0.0 0.0 0.0 0.0 0.0 0.0
121210000 1.0 0.0 0.0 0.0 0.0 0.0 0.0 0.0 0.0
121212010 1.0 0.0 0.0 0.0 0.0 0.0 0.0 0.0 0.0
121211200 1.0 0.0 0.0 0.0 0.0 0.0 0.0 0.0 0.0
121210210 1.0 0.0 0.0 0.0 0.0 0.0 0.0 0.0 0.0
121211020 1.0 0.0 0.0 0.0 0.0 0.0 0.0 0.0 0.0
121211002 1.0 0.0 0.0 0.0 0.0 0.0 0.0 0.0 0.0
121210012 1.0 0.0 0.0 0.0 0.0 0.0 0.0 0.0 0.0
121201000 1.0 0.0 0.0 0.0 0.0 0.0 0.0 0.0 0.0
121221100 1.0 0.0 0.0 0.0 0.0 0.0 0.0 0.0 0.0
121221010 1.0 0.0 0.0 0.0 0.0 0.0 0.0 0.0 0.0
121201210 1.0 0.0 0.0 0.0 0.0 0.0 0.0 0.0 0.0
121201120 1.0 0.0 0.0 0.0 0.0 0.0 0.0 0.0 0.0
121201102 1.0 0.0 0.0 0.0 0.0 0.0 0.0 0.0 0.0
121201012 1.0 0.0 0.0 0.0 0.0 0.0 0.0 0.0 0.0
121200100 1.0 0.0 0.0 0.0 0.0 0.0 0.0 0.0 0.0
121220110 1.0 0.0 0.0 0.0 0.0 0.0 0.0 0.0 0.0
121220101 1.0 0.0 0.0 0.0 0.0 0.0 0.0 0.0 0.0
121202110 1.0 0.0 0.0 0.0 0.0 0.0 0.0 0.0 0.0
121202101 1.0 0.0 0.0 0.0 0.0 0.0 0.0 0.0 0.0
121200121 1.0 0.0 0.0 0.0 0.0 0.0 0.0 0.0 0.0
121200112 1.0 0.0 0.0 0.0 0.0 0.0 0.0 0.0 0.0
121200010 1.0 0.0 0.0 0.0 0.0 0.0 0.0 0.0 0.0
121220011 1.0 0.0 0.0 0.0 0.0 0.0 0.0 0.0 0.0
121202011 1.0 0.0 0.0 0.0 0.0 0.0 0.0 0.0 0.0
121200211 1.0 0.0 0.0 0.0 0.0 0.0 0.0 0.0 0.0
121200001 1.0 0.0 0.0 0.0 0.0 0.0 0.0 0.0 0.0
121120000 1.0 0.0 0.0 0.0 0.0 0.0 0.0 0.0 0.0
121122010 1.0 0.0 0.0 0.0 0.0 0.0 0.0 0.0 0.0
121122001 1.0 0.0 0.0 0.0 0.0 0.0 0.0 0.0 0.0
121121200 1.0 0.0 0.0 0.0 0.0 0.0 0.0 0.0 0.0
121120210 1.0 0.0 0.0 0.0 0.0 0.0 0.0 0.0 0.0
121120201 1.0 0.0 0.0 0.0 0.0 0.0 0.0 0.0 0.0
121121002 1.0 0.0 0.0 0.0 0.0 0.0 0.0 0.0 0.0
121120012 1.0 0.0 0.0 0.0 0.0 0.0 0.0 0.0 0.0
121021000 1.0 0.0 0.0 0.0 0.0 0.0 0.0 0.0 0.0
121021210 1.0 0.0 0.0 0.0 0.0 0.0 0.0 0.0 0.0
121021102 1.0 0.0 0.0 0.0 0.0 0.0 0.0 0.0 0.0
121021012 1.0 0.0 0.0 0.0 0.0 0.0 0.0 0.0 0.0
121020100 1.0 0.0 0.0 0.0 0.0 0.0 0.0 0.0 0.0
121022110 1.0 0.0 0.0 0.0 0.0 0.0 0.0 0.0 0.0
121022101 1.0 0.0 0.0 0.0 0.0 0.0 0.0 0.0 0.0
121020112 1.0 0.0 0.0 0.0 0.0 0.0 0.0 0.0 0.0
121020010 1.0 0.0 0.0 0.0 0.0 0.0 0.0 0.0 0.0
121022011 1.0 0.0 0.0 0.0 0.0 0.0 0.0 0.0 0.0
121020211 1.0 0.0 0.0 0.0 0.0 0.0 0.0 0.0 0.0
121020001 1.0 0.0 0.0 0.0 0.0 0.0 0.0 0.0 0.0
121102000 1.0 0.0 0.0 0.0 0.0 0.0 0.0 0.0 0.0
121112200 1.0 0.0 0.0 0.0 0.0 0.0 0.0 0.0 0.0
121102210 1.0 0.0 0.0 0.0 0.0 0.0 0.0 0.0 0.0
121102201 1.0 0.0 0.0 0.0 0.0 0.0 0.0 0.0 0.0
121112020 1.0 0.0 0.0 0.0 0.0 0.0 0.0 0.0 0.0
121102021 1.0 0.0 0.0 0.0 0.0 0.0 0.0 0.0 0.0
121112002 1.0 0.0 0.0 0.0 0.0 0.0 0.0 0.0 0.0
121102012 1.0 0.0 0.0 0.0 0.0 0.0 0.0 0.0 0.0
121012000 1.0 0.0 0.0 0.0 0.0 0.0 0.0 0.0 0.0
121012210 1.0 0.0 0.0 0.0 0.0 0.0 0.0 0.0 0.0
121012012 1.0 0.0 0.0 0.0 0.0 0.0 0.0 0.0 0.0
121002100 1.0 0.0 0.0 0.0 0.0 0.0 0.0 0.0 0.0
121002121 1.0 0.0 0.0 0.0 0.0 0.0 0.0 0.0 0.0
121002112 1.0 0.0 0.0 0.0 0.0 0.0 0.0 0.0 0.0
121002010 1.0 0.0 0.0 0.0 0.0 0.0 0.0 0.0 0.0
121002211 1.0 0.0 0.0 0.0 0.0 0.0 0.0 0.0 0.0
121002001 1.0 0.0 0.0 0.0 0.0 0.0 0.0 0.0 0.0
121100200 1.0 0.0 0.0 0.0 0.0 0.0 0.0 0.0 0.0
121110220 1.0 0.0 0.0 0.0 0.0 0.0 0.0 0.0 0.0
121101220 1.0 0.0 0.0 0.0 0.0 0.0 0.0 0.0 0.0
121100221 1.0 0.0 0.0 0.0 0.0 0.0 0.0 0.0 0.0
121110202 1.0 0.0 0.0 0.0 0.0 0.0 0.0 0.0 0.0
121101202 1.0 0.0 0.0 0.0 0.0 0.0 0.0 0.0 0.0
121100212 1.0 0.0 0.0 0.0 0.0 0.0 0.0 0.0 0.0
121010200 1.0 0.0 0.0 0.0 0.0 0.0 0.0 0.0 0.0
121011220 1.0 0.0 0.0 0.0 0.0 0.0 0.0 0.0 0.0
121011202 1.0 0.0 0.0 0.0 0.0 0.0 0.0 0.0 0.0
121010212 1.0 0.0 0.0 0.0 0.0 0.0 0.0 0.0 0.0
121001200 1.0 0.0 0.0 0.0 0.0 0.0 0.0 0.0 0.0
121001212 1.0 0.0 0.0 0.0 0.0 0.0 0.0 0.0 0.0
121000210 1.0 0.0 0.0 0.0 0.0 0.0 0.0 0.0 0.0
121000201 1.0 0.0 0.0 0.0 0.0 0.0 0.0 0.0 0.0
121100020 1.0 0.0 0.0 0.0 0.0 0.0 0.0 0.0 0.0
121110022 1.0 0.0 0.0 0.0 0.0 0.0 0.0 0.0 0.0
121101022 1.0 0.0 0.0 0.0 0.0 0.0 0.0 0.0 0.0
121010020 1.0 0.0 0.0 0.0 0.0 0.0 0.0 0.0 0.0
121011022 1.0 0.0 0.0 0.0 0.0 0.0 0.0 0.0 0.0
121001020 1.0 0.0 0.0 0.0 0.0 0.0 0.0 0.0 0.0
121001122 1.0 0.0 0.0 0.0 0.0 0.0 0.0 0.0 0.0
121000120 1.0 0.0 0.0 0.0 0.0 0.0 0.0 0.0 0.0
121000021 1.0 0.0 0.0 0.0 0.0 0.0 0.0 0.0 0.0
121100002 1.0 0.0 0.0 0.0 0.0 0.0 0.0 0.0 0.0
121010002 1.0 0.0 0.0 0.0 0.0 0.0 0.0 0.0 0.0
121001002 1.0 0.0 0.0 0.0 0.0 0.0 0.0 0.0 0.0
121000102 1.0 0.0 0.0 0.0 0.0 0.0 0.0 0.0 0.0
121000012 1.0 0.0 0.0 0.0 0.0 0.0 0.0 0.0 0.0
120100000 1.0 0.0 0.0 0.0 0.0 0.0 0.0 0.0 0.0
122110000 1.0 0.0 0.0 0.0 0.0 0.0 0.0 0.0 0.0
122112010 1.0 0.0 0.0 0.0 0.0 0.0 0.0 0.0 0.0
122110210 1.0 0.0 0.0 0.0 0.0 0.0 0.0 0.0 0.0
122110012 1.0 0.0 0.0 0.0 0.0 0.0 0.0 0.0 0.0
122101000 1.0 0.0 0.0 0.0 0.0 0.0 0.0 0.0 0.0
122121010 1.0 0.0 0.0 0.0 0.0 0.0 0.0 0.0 0.0
122121001 1.0 0.0 0.0 0.0 0.0 0.0 0.0 0.0 0.0
122101210 1.0 0.0 0.0 0.0 0.0 0.0 0.0 0.0 0.0
122101201 1.0 0.0 0.0 0.0 0.0 0.0 0.0 0.0 0.0
122101021 1.0 0.0 0.0 0.0 0.0 0.0 0.0 0.0 0.0
122101012 1.0 0.0 0.0 0.0 0.0 0.0 0.0 0.0 0.0
122100010 1.0 0.0 0.0 0.0 0.0 0.0 0.0 0.0 0.0
122120011 1.0 0.0 0.0 0.0 0.0 0.0 0.0 0.0 0.0
122102011 1.0 0.0 0.0 0.0 0.0 0.0 0.0 0.0 0.0
122100211 1.0 0.0 0.0 0.0 0.0 0.0 0.0 0.0 0.0
122100001 1.0 0.0 0.0 0.0 0.0 0.0 0.0 0.0 0.0
120121000 1.0 0.0 0.0 0.0 0.0 0.0 0.0 0.0 0.0
120121210 1.0 0.0 0.0 0.0 0.0 0.0 0.0 0.0 0.0
120121201 1.0 0.0 0.0 0.0 0.0 0.0 0.0 0.0 0.0
120121012 1.0 0.0 0.0 0.0 0.0 0.0 0.0 0.0 0.0
120120010 1.0 0.0 0.0 0.0 0.0 0.0 0.0 0.0 0.0
120122011 1.0 0.0 0.0 0.0 0.0 0.0 0.0 0.0 0.0
120120211 1.0 0.0 0.0 0.0 0.0 0.0 0.0 0.0 0.0
120120001 1.0 0.0 0.0 0.0 0.0 0.0 0.0 0.0 0.0
120112000 1.0 0.0 0.0 0.0 0.0 0.0 0.0 0.0 0.0
120112210 1.0 0.0 0.0 0.0 0.0 0.0 0.0 0.0 0.0
120112012 1.0 0.0 0.0 0.0 0.0 0.0 0.0 0.0 0.0
120102010 1.0 0.0 0.0 0.0 0.0 0.0 0.0 0.0 0.0
120102211 1.0 0.0 0.0 0.0 0.0 0.0 0.0 0.0 0.0
120102001 1.0 0.0 0.0 0.0 0.0 0.0 0.0 0.0 0.0
120110200 1.0 0.0 0.0 0.0 0.0 0.0 0.0 0.0 0.0
120110212 1.0 0.0 0.0 0.0 0.0 0.0 0.0 0.0 0.0
120101200 1.0 0.0 0.0 0.0 0.0 0.0 0.0 0.0 0.0
120101221 1.0 0.0 0.0 0.0 0.0 0.0 0.0 0.0 0.0
120101212 1.0 0.0 0.0 0.0 0.0 0.0 0.0 0.0 0.0
120100210 1.0 0.0 0.0 0.0 0.0 0.0 0.0 0.0 0.0
120100201 1.0 0.0 0.0 0.0 0.0 0.0 0.0 0.0 0.0
120110020 1.0 0.0 0.0 0.0 0.0 0.0 0.0 0.0 0.0
120101020 1.0 0.0 0.0 0.0 0.0 0.0 0.0 0.0 0.0
120100021 1.0 0.0 0.0 0.0 0.0 0.0 0.0 0.0 0.0
120110002 1.0 0.0 0.0 0.0 0.0 0.0 0.0 0.0 0.0
120101002 1.0 0.0 0.0 0.0 0.0 0.0 0.0 0.0 0.0
120100012 1.0 0.0 0.0 0.0 0.0 0.0 0.0 0.0 0.0
120010000 1.0 0.0 0.0 0.0 0.0 0.0 0.0 0.0 0.0
122011000 1.0 0.0 0.0 0.0 0.0 0.0 0.0 0.0 0.0
122211100 1.0 0.0 0.0 0.0 0.0 0.0 0.0 0.0 0.0
122211010 1.0 0.0 0.0 0.0 0.0 0.0 0.0 0.0 0.0
122011210 1.0 0.0 0.0 0.0 0.0 0.0 0.0 0.0 0.0
122011120 1.0 0.0 0.0 0.0 0.0 0.0 0.0 0.0 0.0
122011102 1.0 0.0 0.0 0.0 0.0 0.0 0.0 0.0 0.0
122011012 1.0 0.0 0.0 0.0 0.0 0.0 0.0 0.0 0.0
122010100 1.0 0.0 0.0 0.0 0.0 0.0 0.0 0.0 0.0
122210110 1.0 0.0 0.0 0.0 0.0 0.0 0.0 0.0 0.0
122012110 1.0 0.0 0.0 0.0 0.0 0.0 0.0 0.0 0.0
122010112 1.0 0.0 0.0 0.0 0.0 0.0 0.0 0.0 0.0
122010010 1.0 0.0 0.0 0.0 0.0 0.0 0.0 0.0 0.0
120211000 1.0 0.0 0.0 0.0 0.0 0.0 0.0 0.0 0.0
120211210 1.0 0.0 0.0 0.0 0.0 0.0 0.0 0.0 0.0
120211120 1.0 0.0 0.0 0.0 0.0 0.0 0.0 0.0 0.0
120211102 1.0 0.0 0.0 0.0 0.0 0.0 0.0 0.0 0.0
120211012 1.0 0.0 0.0 0.0 0.0 0.0 0.0 0.0 0.0
120210100 1.0 0.0 0.0 0.0 0.0 0.0 0.0 0.0 0.0
120212110 1.0 0.0 0.0 0.0 0.0 0.0 0.0 0.0 0.0
120210112 1.0 0.0 0.0 0.0 0.0 0.0 0.0 0.0 0.0
120210010 1.0 0.0 0.0 0.0 0.0 0.0 0.0 0.0 0.0
120012100 1.0 0.0 0.0 0.0 0.0 0.0 0.0 0.0 0.0
120012112 1.0 0.0 0.0 0.0 0.0 0.0 0.0 0.0 0.0
120012010 1.0 0.0 0.0 0.0 0.0 0.0 0.0 0.0 0.0
120011200 1.0 0.0 0.0 0.0 0.0 0.0 0.0 0.0 0.0
120011212 1.0 0.0 0.0 0.0 0.0 0.0 0.0 0.0 0.0
120010210 1.0 0.0 0.0 0.0 0.0 0.0 0.0 0.0 0.0
120011020 1.0 0.0 0.0 0.0 0.0 0.0 0.0 0.0 0.0
120011122 1.0 0.0 0.0 0.0 0.0 0.0 0.0 0.0 0.0
120010120 1.0 0.0 0.0 0.0 0.0 0.0 0.0 0.0 0.0
120011002 1.0 0.0 0.0 0.0 0.0 0.0 0.0 0.0 0.0
120010102 1.0 0.0 0.0 0.0 0.0 0.0 0.0 0.0 0.0
120010012 1.0 0.0 0.0 0.0 0.0 0.0 0.0 0.0 0.0
120001000 1.0 0.0 0.0 0.0 0.0 0.0 0.0 0.0 0.0
122001100 1.0 0.0 0.0 0.0 0.0 0.0 0.0 0.0 0.0
122201110 1.0 0.0 0.0 0.0 0.0 0.0 0.0 0.0 0.0
122201101 1.0 0.0 0.0 0.0 0.0 0.0 0.0 0.0 0.0
122021110 1.0 0.0 0.0 0.0 0.0 0.0 0.0 0.0 0.0
122021101 1.0 0.0 0.0 0.0 0.0 0.0 0.0 0.0 0.0
122001121 1.0 0.0 0.0 0.0 0.0 0.0 0.0 0.0 0.0
122001112 1.0 0.0 0.0 0.0 0.0 0.0 0.0 0.0 0.0
122001010 1.0 0.0 0.0 0.0 0.0 0.0 0.0 0.0 0.0
122201011 1.0 0.0 0.0 0.0 0.0 0.0 0.0 0.0 0.0
122021011 1.0 0.0 0.0 0.0 0.0 0.0 0.0 0.0 0.0
122001211 1.0 0.0 0.0 0.0 0.0 0.0 0.0 0.0 0.0
122001001 1.0 0.0 0.0 0.0 0.0 0.0 0.0 0.0 0.0
120201100 1.0 0.0 0.0 0.0 0.0 0.0 0.0 0.0 0.0
120221110 1.0 0.0 0.0 0.0 0.0 0.0 0.0 0.0 0.0
120221101 1.0 0.0 0.0 0.0 0.0 0.0 0.0 0.0 0.0
120201121 1.0 0.0 0.0 0.0 0.0 0.0 0.0 0.0 0.0
120201112 1.0 0.0 0.0 0.0 0.0 0.0 0.0 0.0 0.0
120201010 1.0 0.0 0.0 0.0 0.0 0.0 0.0 0.0 0.0
120221011 1.0 0.0 0.0 0.0 0.0 0.0 0.0 0.0 0.0
120201211 1.0 0.0 0.0 0.0 0.0 0.0 0.0 0.0 0.0
120201001 1.0 0.0 0.0 0.0 0.0 0.0 0.0 0.0 0.0
120021100 1.0 0.0 0.0 0.0 0.0 0.0 0.0 0.0 0.0
120021112 1.0 0.0 0.0 0.0 0.0 0.0 0.0 0.0 0.0
120021010 1.0 0.0 0.0 0.0 0.0 0.0 0.0 0.0 0.0
120021211 1.0 0.0 0.0 0.0 0.0 0.0 0.0 0.0 0.0
120021001 1.0 0.0 0.0 0.0 0.0 0.0 0.0 0.0 0.0
120001210 1.0 0.0 0.0 0.0 0.0 0.0 0.0 0.0 0.0
120001201 1.0 0.0 0.0 0.0 0.0 0.0 0.0 0.0 0.0
120001120 1.0 0.0 0.0 0.0 0.0 0.0 0.0 0.0 0.0
120001021 1.0 0.0 0.0 0.0 0.0 0.0 0.0 0.0 0.0
120001102 1.0 0.0 0.0 0.0 0.0 0.0 0.0 0.0 0.0
120001012 1.0 0.0 0.0 0.0 0.0 0.0 0.0 0.0 0.0
120000100 1.0 0.0 0.0 0.0 0.0 0.0 0.0 0.0 0.0
122000110 1.0 0.0 0.0 0.0 0.0 0.0 0.0 0.0 0.0
122000101 1.0 0.0 0.0 0.0 0.0 0.0 0.0 0.0 0.0
120200110 1.0 0.0 0.0 0.0 0.0 0.0 0.0 0.0 0.0
120200101 1.0 0.0 0.0 0.0 0.0 0.0 0.0 0.0 0.0
120020110 1.0 0.0 0.0 0.0 0.0 0.0 0.0 0.0 0.0
120020101 1.0 0.0 0.0 0.0 0.0 0.0 0.0 0.0 0.0
120002110 1.0 0.0 0.0 0.0 0.0 0.0 0.0 0.0 0.0
120002101 1.0 0.0 0.0 0.0 0.0 0.0 0.0 0.0 0.0
120000121 1.0 0.0 0.0 0.0 0.0 0.0 0.0 0.0 0.0
120000112 1.0 0.0 0.0 0.0 0.0 0.0 0.0 0.0 0.0
120000010 1.0 0.0 0.0 0.0 0.0 0.0 0.0 0.0 0.0
122000011 1.0 0.0 0.0 0.0 0.0 0.0 0.0 0.0 0.0
120200011 1.0 0.0 0.0 0.0 0.0 0.0 0.0 0.0 0.0
120020011 1.0 0.0 0.0 0.0 0.0 0.0 0.0 0.0 0.0
120002011 1.0 0.0 0.0 0.0 0.0 0.0 0.0 0.0 0.0
120000211 1.0 0.0 0.0 0.0 0.0 0.0 0.0 0.0 0.0
120000001 1.0 0.0 0.0 0.0 0.0 0.0 0.0 0.0 0.0
112000000 1.0 0.0 0.0 0.0 0.0 0.0 0.0 0.0 0.0
112210000 1.0 0.0 0.0 0.0 0.0 0.0 0.0 0.0 0.0
112212100 1.0 0.0 0.0 0.0 0.0 0.0 0.0 0.0 0.0
112211200 1.0 0.0 0.0 0.0 0.0 0.0 0.0 0.0 0.0
112211020 1.0 0.0 0.0 0.0 0.0 0.0 0.0 0.0 0.0
112210120 1.0 0.0 0.0 0.0 0.0 0.0 0.0 0.0 0.0
112211002 1.0 0.0 0.0 0.0 0.0 0.0 0.0 0.0 0.0
112210102 1.0 0.0 0.0 0.0 0.0 0.0 0.0 0.0 0.0
112201000 1.0 0.0 0.0 0.0 0.0 0.0 0.0 0.0 0.0
112221100 1.0 0.0 0.0 0.0 0.0 0.0 0.0 0.0 0.0
112221010 1.0 0.0 0.0 0.0 0.0 0.0 0.0 0.0 0.0
112221001 1.0 0.0 0.0 0.0 0.0 0.0 0.0 0.0 0.0
112201210 1.0 0.0 0.0 0.0 0.0 0.0 0.0 0.0 0.0
112201201 1.0 0.0 0.0 0.0 0.0 0.0 0.0 0.0 0.0
112201120 1.0 0.0 0.0 0.0 0.0 0.0 0.0 0.0 0.0
112201021 1.0 0.0 0.0 0.0 0.0 0.0 0.0 0.0 0.0
112201102 1.0 0.0 0.0 0.0 0.0 0.0 0.0 0.0 0.0
112201012 1.0 0.0 0.0 0.0 0.0 0.0 0.0 0.0 0.0
112200100 1.0 0.0 0.0 0.0 0.0 0.0 0.0 0.0 0.0
112220110 1.0 0.0 0.0 0.0 0.0 0.0 0.0 0.0 0.0
112220101 1.0 0.0 0.0 0.0 0.0 0.0 0.0 0.0 0.0
112202110 1.0 0.0 0.0 0.0 0.0 0.0 0.0 0.0 0.0
112202101 1.0 0.0 0.0 0.0 0.0 0.0 0.0 0.0 0.0
112200121 1.0 0.0 0.0 0.0 0.0 0.0 0.0 0.0 0.0
112200112 1.0 0.0 0.0 0.0 0.0 0.0 0.0 0.0 0.0
112200010 1.0 0.0 0.0 0.0 0.0 0.0 0.0 0.0 0.0
112220011 1.0 0.0 0.0 0.0 0.0 0.0 0.0 0.0 0.0
112202011 1.0 0.0 0.0 0.0 0.0 0.0 0.0 0.0 0.0
112200211 1.0 0.0 0.0 0.0 0.0 0.0 0.0 0.0 0.0
112200001 1.0 0.0 0.0 0.0 0.0 0.0 0.0 0.0 0.0
112120000 1.0 0.0 0.0 0.0 0.0 0.0 0.0 0.0 0.0
112122010 1.0 0.0 0.0 0.0 0.0 0.0 0.0 0.0 0.0
112122001 1.0 0.0 0.0 0.0 0.0 0.0 0.0 0.0 0.0
112121020 1.0 0.0 0.0 0.0 0.0 0.0 0.0 0.0 0.0
112120021 1.0 0.0 0.0 0.0 0.0 0.0 0.0 0.0 0.0
112121002 1.0 0.0 0.0 0.0 0.0 0.0 0.0 0.0 0.0
112120012 1.0 0.0 0.0 0.0 0.0 0.0 0.0 0.0 0.0
112021000 1.0 0.0 0.0 0.0 0.0 0.0 0.0 0.0 0.0
112021120 1.0 0.0 0.0 0.0 0.0 0.0 0.0 0.0 0.0
112021021 1.0 0.0 0.0 0.0 0.0 0.0 0.0 0.0 0.0
112021102 1.0 0.0 0.0 0.0 0.0 0.0 0.0 0.0 0.0
112021012 1.0 0.0 0.0 0.0 0.0 0.0 0.0 0.0 0.0
112020100 1.0 0.0 0.0 0.0 0.0 0.0 0.0 0.0 0.0
112022110 1.0 0.0 0.0 0.0 0.0 0.0 0.0 0.0 0.0
112022101 1.0 0.0 0.0 0.0 0.0 0.0 0.0 0.0 0.0
112020121 1.0 0.0 0.0 0.0 0.0 0.0 0.0 0.0 0.0
112020112 1.0 0.0 0.0 0.0 0.0 0.0 0.0 0.0 0.0
112020010 1.0 0.0 0.0 0.0 0.0 0.0 0.0 0.0 0.0
112022011 1.0 0.0 0.0 0.0 0.0 0.0 0.0 0.0 0.0
112020001 1.0 0.0 0.0 0.0 0.0 0.0 0.0 0.0 0.0
112102000 1.0 0.0 0.0 0.0 0.0 0.0 0.0 0.0 0.0
112112200 1.0 0.0 0.0 0.0 0.0 0.0 0.0 0.0 0.0
112102210 1.0 0.0 0.0 0.0 0.0 0.0 0.0 0.0 0.0
112102201 1.0 0.0 0.0 0.0 0.0 0.0 0.0 0.0 0.0
112112020 1.0 0.0 0.0 0.0 0.0 0.0 0.0 0.0 0.0
112102021 1.0 0.0 0.0 0.0 0.0 0.0 0.0 0.0 0.0
112012000 1.0 0.0 0.0 0.0 0.0 0.0 0.0 0.0 0.0
112012120 1.0 0.0 0.0 0.0 0.0 0.0 0.0 0.0 0.0
112002100 1.0 0.0 0.0 0.0 0.0 0.0 0.0 0.0 0.0
112002121 1.0 0.0 0.0 0.0 0.0 0.0 0.0 0.0 0.0
112002010 1.0 0.0 0.0 0.0 0.0 0.0 0.0 0.0 0.0
112002211 1.0 0.0 0.0 0.0 0.0 0.0 0.0 0.0 0.0
112002001 1.0 0.0 0.0 0.0 0.0 0.0 0.0 0.0 0.0
112100200 1.0 0.0 0.0 0.0 0.0 0.0 0.0 0.0 0.0
112110220 1.0 0.0 0.0 0.0 0.0 0.0 0.0 0.0 0.0
112101220 1.0 0.0 0.0 0.0 0.0 0.0 0.0 0.0 0.0
112100221 1.0 0.0 0.0 0.0 0.0 0.0 0.0 0.0 0.0
112110202 1.0 0.0 0.0 0.0 0.0 0.0 0.0 0.0 0.0
112101202 1.0 0.0 0.0 0.0 0.0 0.0 0.0 0.0 0.0
112100212 1.0 0.0 0.0 0.0 0.0 0.0 0.0 0.0 0.0
112010200 1.0 0.0 0.0 0.0 0.0 0.0 0.0 0.0 0.0
112011220 1.0 0.0 0.0 0.0 0.0 0.0 0.0 0.0 0.0
112011202 1.0 0.0 0.0 0.0 0.0 0.0 0.0 0.0 0.0
112001200 1.0 0.0 0.0 0.0 0.0 0.0 0.0 0.0 0.0
112001221 1.0 0.0 0.0 0.0 0.0 0.0 0.0 0.0 0.0
112001212 1.0 0.0 0.0 0.0 0.0 0.0 0.0 0.0 0.0
112000210 1.0 0.0 0.0 0.0 0.0 0.0 0.0 0.0 0.0
112000201 1.0 0.0 0.0 0.0 0.0 0.0 0.0 0.0 0.0
112100020 1.0 0.0 0.0 0.0 0.0 0.0 0.0 0.0 0.0
112110022 1.0 0.0 0.0 0.0 0.0 0.0 0.0 0.0 0.0
112101022 1.0 0.0 0.0 0.0 0.0 0.0 0.0 0.0 0.0
112010020 1.0 0.0 0.0 0.0 0.0 0.0 0.0 0.0 0.0
112011022 1.0 0.0 0.0 0.0 0.0 0.0 0.0 0.0 0.0
112010122 1.0 0.0 0.0 0.0 0.0 0.0 0.0 0.0 0.0
112001020 1.0 0.0 0.0 0.0 0.0 0.0 0.0 0.0 0.0
112001122 1.0 0.0 0.0 0.0 0.0 0.0 0.0 0.0 0.0
112000120 1.0 0.0 0.0 0.0 0.0 0.0 0.0 0.0 0.0
112000021 1.0 0.0 0.0 0.0 0.0 0.0 0.0 0.0 0.0
112100002 1.0 0.0 0.0 0.0 0.0 0.0 0.0 0.0 0.0
112010002 1.0 0.0 0.0 0.0 0.0 0.0 0.0 0.0 0.0
112001002 1.0 0.0 0.0 0.0 0.0 0.0 0.0 0.0 0.0
112000102 1.0 0.0 0.0 0.0 0.0 0.0 0.0 0.0 0.0
112000012 1.0 0.0 0.0 0.0 0.0 0.0 0.0 0.0 0.0
102100000 1.0 0.0 0.0 0.0 0.0 0.0 0.0 0.0 0.0
102121000 1.0 0.0 0.0 0.0 0.0 0.0 0.0 0.0 0.0
102121021 1.0 0.0 0.0 0.0 0.0 0.0 0.0 0.0 0.0
102121012 1.0 0.0 0.0 0.0 0.0 0.0 0.0 0.0 0.0
102120010 1.0 0.0 0.0 0.0 0.0 0.0 0.0 0.0 0.0
102122011 1.0 0.0 0.0 0.0 0.0 0.0 0.0 0.0 0.0
102120001 1.0 0.0 0.0 0.0 0.0 0.0 0.0 0.0 0.0
102112000 1.0 0.0 0.0 0.0 0.0 0.0 0.0 0.0 0.0
102112210 1.0 0.0 0.0 0.0 0.0 0.0 0.0 0.0 0.0
102102010 1.0 0.0 0.0 0.0 0.0 0.0 0.0 0.0 0.0
102102211 1.0 0.0 0.0 0.0 0.0 0.0 0.0 0.0 0.0
102102001 1.0 0.0 0.0 0.0 0.0 0.0 0.0 0.0 0.0
102110200 1.0 0.0 0.0 0.0 0.0 0.0 0.0 0.0 0.0
102110212 1.0 0.0 0.0 0.0 0.0 0.0 0.0 0.0 0.0
102101200 1.0 0.0 0.0 0.0 0.0 0.0 0.0 0.0 0.0
102101221 1.0 0.0 0.0 0.0 0.0 0.0 0.0 0.0 0.0
102101212 1.0 0.0 0.0 0.0 0.0 0.0 0.0 0.0 0.0
102100210 1.0 0.0 0.0 0.0 0.0 0.0 0.0 0.0 0.0
102100201 1.0 0.0 0.0 0.0 0.0 0.0 0.0 0.0 0.0
102110020 1.0 0.0 0.0 0.0 0.0 0.0 0.0 0.0 0.0
102101020 1.0 0.0 0.0 0.0 0.0 0.0 0.0 0.0 0.0
102100021 1.0 0.0 0.0 0.0 0.0 0.0 0.0 0.0 0.0
102110002 1.0 0.0 0.0 0.0 0.0 0.0 0.0 0.0 0.0
102101002 1.0 0.0 0.0 0.0 0.0 0.0 0.0 0.0 0.0
102100012 1.0 0.0 0.0 0.0 0.0 0.0 0.0 0.0 0.0
102010000 1.0 0.0 0.0 0.0 0.0 0.0 0.0 0.0 0.0
102211000 1.0 0.0 0.0 0.0 0.0 0.0 0.0 0.0 0.0
102211210 1.0 0.0 0.0 0.0 0.0 0.0 0.0 0.0 0.0
102211120 1.0 0.0 0.0 0.0 0.0 0.0 0.0 0.0 0.0
102211102 1.0 0.0 0.0 0.0 0.0 0.0 0.0 0.0 0.0
102211012 1.0 0.0 0.0 0.0 0.0 0.0 0.0 0.0 0.0
102210100 1.0 0.0 0.0 0.0 0.0 0.0 0.0 0.0 0.0
102212110 1.0 0.0 0.0 0.0 0.0 0.0 0.0 0.0 0.0
102210112 1.0 0.0 0.0 0.0 0.0 0.0 0.0 0.0 0.0
102210010 1.0 0.0 0.0 0.0 0.0 0.0 0.0 0.0 0.0
102012100 1.0 0.0 0.0 0.0 0.0 0.0 0.0 0.0 0.0
102012010 1.0 0.0 0.0 0.0 0.0 0.0 0.0 0.0 0.0
102011200 1.0 0.0 0.0 0.0 0.0 0.0 0.0 0.0 0.0
102011212 1.0 0.0 0.0 0.0 0.0 0.0 0.0 0.0 0.0
102010210 1.0 0.0 0.0 0.0 0.0 0.0 0.0 0.0 0.0
102011020 1.0 0.0 0.0 0.0 0.0 0.0 0.0 0.0 0.0
102011122 1.0 0.0 0.0 0.0 0.0 0.0 0.0 0.0 0.0
102010120 1.0 0.0 0.0 0.0 0.0 0.0 0.0 0.0 0.0
102011002 1.0 0.0 0.0 0.0 0.0 0.0 0.0 0.0 0.0
102010102 1.0 0.0 0.0 0.0 0.0 0.0 0.0 0.0 0.0
102010012 1.0 0.0 0.0 0.0 0.0 0.0 0.0 0.0 0.0
102001000 1.0 0.0 0.0 0.0 0.0 0.0 0.0 0.0 0.0
102201100 1.0 0.0 0.0 0.0 0.0 0.0 0.0 0.0 0.0
102221110 1.0 0.0 0.0 0.0 0.0 0.0 0.0 0.0 0.0
102221101 1.0 0.0 0.0 0.0 0.0 0.0 0.0 0.0 0.0
102201121 1.0 0.0 0.0 0.0 0.0 0.0 0.0 0.0 0.0
102201112 1.0 0.0 0.0 0.0 0.0 0.0 0.0 0.0 0.0
102201010 1.0 0.0 0.0 0.0 0.0 0.0 0.0 0.0 0.0
102221011 1.0 0.0 0.0 0.0 0.0 0.0 0.0 0.0 0.0
102201211 1.0 0.0 0.0 0.0 0.0 0.0 0.0 0.0 0.0
102201001 1.0 0.0 0.0 0.0 0.0 0.0 0.0 0.0 0.0
102021100 1.0 0.0 0.0 0.0 0.0 0.0 0.0 0.0 0.0
102021121 1.0 0.0 0.0 0.0 0.0 0.0 0.0 0.0 0.0
102021112 1.0 0.0 0.0 0.0 0.0 0.0 0.0 0.0 0.0
102021010 1.0 0.0 0.0 0.0 0.0 0.0 0.0 0.0 0.0
102021001 1.0 0.0 0.0 0.0 0.0 0.0 0.0 0.0 0.0
102001210 1.0 0.0 0.0 0.0 0.0 0.0 0.0 0.0 0.0
102001201 1.0 0.0 0.0 0.0 0.0 0.0 0.0 0.0 0.0
102001120 1.0 0.0 0.0 0.0 0.0 0.0 0.0 0.0 0.0
102001021 1.0 0.0 0.0 0.0 0.0 0.0 0.0 0.0 0.0
102001102 1.0 0.0 0.0 0.0 0.0 0.0 0.0 0.0 0.0
102001012 1.0 0.0 0.0 0.0 0.0 0.0 0.0 0.0 0.0
102000100 1.0 0.0 0.0 0.0 0.0 0.0 0.0 0.0 0.0
102200110 1.0 0.0 0.0 0.0 0.0 0.0 0.0 0.0 0.0
102200101 1.0 0.0 0.0 0.0 0.0 0.0 0.0 0.0 0.0
102020110 1.0 0.0 0.0 0.0 0.0 0.0 0.0 0.0 0.0
102020101 1.0 0.0 0.0 0.0 0.0 0.0 0.0 0.0 0.0
102002110 1.0 0.0 0.0 0.0 0.0 0.0 0.0 0.0 0.0
102002101 1.0 0.0 0.0 0.0 0.0 0.0 0.0 0.0 0.0
102000121 1.0 0.0 0.0 0.0 0.0 0.0 0.0 0.0 0.0
102000112 1.0 0.0 0.0 0.0 0.0 0.0 0.0 0.0 0.0
102000010 1.0 0.0 0.0 0.0 0.0 0.0 0.0 0.0 0.0
102200011 1.0 0.0 0.0 0.0 0.0 0.0 0.0 0.0 0.0
102020011 1.0 0.0 0.0 0.0 0.0 0.0 0.0 0.0 0.0
102002011 1.0 0.0 0.0 0.0 0.0 0.0 0.0 0.0 0.0
102000211 1.0 0.0 0.0 0.0 0.0 0.0 0.0 0.0 0.0
102000001 1.0 0.0 0.0 0.0 0.0 0.0 0.0 0.0 0.0
110200000 1.0 0.0 0.0 0.0 0.0 0.0 0.0 0.0 0.0
110221000 1.0 0.0 0.0 0.0 0.0 0.0 0.0 0.0 0.0
110221210 1.0 0.0 0.0 0.0 0.0 0.0 0.0 0.0 0.0
110221201 1.0 0.0 0.0 0.0 0.0 0.0 0.0 0.0 0.0
110221120 1.0 0.0 0.0 0.0 0.0 0.0 0.0 0.0 0.0
110221021 1.0 0.0 0.0 0.0 0.0 0.0 0.0 0.0 0.0
110221102 1.0 0.0 0.0 0.0 0.0 0.0 0.0 0.0 0.0
110221012 1.0 0.0 0.0 0.0 0.0 0.0 0.0 0.0 0.0
110220100 1.0 0.0 0.0 0.0 0.0 0.0 0.0 0.0 0.0
110220121 1.0 0.0 0.0 0.0 0.0 0.0 0.0 0.0 0.0
110220112 1.0 0.0 0.0 0.0 0.0 0.0 0.0 0.0 0.0
110220010 1.0 0.0 0.0 0.0 0.0 0.0 0.0 0.0 0.0
110220211 1.0 0.0 0.0 0.0 0.0 0.0 0.0 0.0 0.0
110220001 1.0 0.0 0.0 0.0 0.0 0.0 0.0 0.0 0.0
110212000 1.0 0.0 0.0 0.0 0.0 0.0 0.0 0.0 0.0
110212120 1.0 0.0 0.0 0.0 0.0 0.0 0.0 0.0 0.0
110212102 1.0 0.0 0.0 0.0 0.0 0.0 0.0 0.0 0.0
110202100 1.0 0.0 0.0 0.0 0.0 0.0 0.0 0.0 0.0
110202121 1.0 0.0 0.0 0.0 0.0 0.0 0.0 0.0 0.0
110202112 1.0 0.0 0.0 0.0 0.0 0.0 0.0 0.0 0.0
110202010 1.0 0.0 0.0 0.0 0.0 0.0 0.0 0.0 0.0
110202211 1.0 0.0 0.0 0.0 0.0 0.0 0.0 0.0 0.0
110202001 1.0 0.0 0.0 0.0 0.0 0.0 0.0 0.0 0.0
110210200 1.0 0.0 0.0 0.0 0.0 0.0 0.0 0.0 0.0
110211220 1.0 0.0 0.0 0.0 0.0 0.0 0.0 0.0 0.0
110211202 1.0 0.0 0.0 0.0 0.0 0.0 0.0 0.0 0.0
110201200 1.0 0.0 0.0 0.0 0.0 0.0 0.0 0.0 0.0
110201221 1.0 0.0 0.0 0.0 0.0 0.0 0.0 0.0 0.0
110201212 1.0 0.0 0.0 0.0 0.0 0.0 0.0 0.0 0.0
110200210 1.0 0.0 0.0 0.0 0.0 0.0 0.0 0.0 0.0
110200201 1.0 0.0 0.0 0.0 0.0 0.0 0.0 0.0 0.0
110210020 1.0 0.0 0.0 0.0 0.0 0.0 0.0 0.0 0.0
110211022 1.0 0.0 0.0 0.0 0.0 0.0 0.0 0.0 0.0
110210122 1.0 0.0 0.0 0.0 0.0 0.0 0.0 0.0 0.0
110201020 1.0 0.0 0.0 0.0 0.0 0.0 0.0 0.0 0.0
110201122 1.0 0.0 0.0 0.0 0.0 0.0 0.0 0.0 0.0
110200120 1.0 0.0 0.0 0.0 0.0 0.0 0.0 0.0 0.0
110200021 1.0 0.0 0.0 0.0 0.0 0.0 0.0 0.0 0.0
110210002 1.0 0.0 0.0 0.0 0.0 0.0 0.0 0.0 0.0
110201002 1.0 0.0 0.0 0.0 0.0 0.0 0.0 0.0 0.0
110200102 1.0 0.0 0.0 0.0 0.0 0.0 0.0 0.0 0.0
110200012 1.0 0.0 0.0 0.0 0.0 0.0 0.0 0.0 0.0
101200000 1.0 0.0 0.0 0.0 0.0 0.0 0.0 0.0 0.0
101221000 1.0 0.0 0.0 0.0 0.0 0.0 0.0 0.0 0.0
101221210 1.0 0.0 0.0 0.0 0.0 0.0 0.0 0.0 0.0
101221120 1.0 0.0 0.0 0.0 0.0 0.0 0.0 0.0 0.0
101221102 1.0 0.0 0.0 0.0 0.0 0.0 0.0 0.0 0.0
101221012 1.0 0.0 0.0 0.0 0.0 0.0 0.0 0.0 0.0
101220100 1.0 0.0 0.0 0.0 0.0 0.0 0.0 0.0 0.0
101220121 1.0 0.0 0.0 0.0 0.0 0.0 0.0 0.0 0.0
101220112 1.0 0.0 0.0 0.0 0.0 0.0 0.0 0.0 0.0
101220010 1.0 0.0 0.0 0.0 0.0 0.0 0.0 0.0 0.0
101220211 1.0 0.0 0.0 0.0 0.0 0.0 0.0 0.0 0.0
101220001 1.0 0.0 0.0 0.0 0.0 0.0 0.0 0.0 0.0
101212000 1.0 0.0 0.0 0.0 0.0 0.0 0.0 0.0 0.0
101212210 1.0 0.0 0.0 0.0 0.0 0.0 0.0 0.0 0.0
101212012 1.0 0.0 0.0 0.0 0.0 0.0 0.0 0.0 0.0
101202100 1.0 0.0 0.0 0.0 0.0 0.0 0.0 0.0 0.0
101202121 1.0 0.0 0.0 0.0 0.0 0.0 0.0 0.0 0.0
101202112 1.0 0.0 0.0 0.0 0.0 0.0 0.0 0.0 0.0
101202010 1.0 0.0 0.0 0.0 0.0 0.0 0.0 0.0 0.0
101202211 1.0 0.0 0.0 0.0 0.0 0.0 0.0 0.0 0.0
101202001 1.0 0.0 0.0 0.0 0.0 0.0 0.0 0.0 0.0
101210200 1.0 0.0 0.0 0.0 0.0 0.0 0.0 0.0 0.0
101211220 1.0 0.0 0.0 0.0 0.0 0.0 0.0 0.0 0.0
101211202 1.0 0.0 0.0 0.0 0.0 0.0 0.0 0.0 0.0
101210212 1.0 0.0 0.0 0.0 0.0 0.0 0.0 0.0 0.0
101201200 1.0 0.0 0.0 0.0 0.0 0.0 0.0 0.0 0.0
101201212 1.0 0.0 0.0 0.0 0.0 0.0 0.0 0.0 0.0
101200210 1.0 0.0 0.0 0.0 0.0 0.0 0.0 0.0 0.0
101200201 1.0 0.0 0.0 0.0 0.0 0.0 0.0 0.0 0.0
101210020 1.0 0.0 0.0 0.0 0.0 0.0 0.0 0.0 0.0
101211022 1.0 0.0 0.0 0.0 0.0 0.0 0.0 0.0 0.0
101201020 1.0 0.0 0.0 0.0 0.0 0.0 0.0 0.0 0.0
101201122 1.0 0.0 0.0 0.0 0.0 0.0 0.0 0.0 0.0
101200120 1.0 0.0 0.0 0.0 0.0 0.0 0.0 0.0 0.0
101200021 1.0 0.0 0.0 0.0 0.0 0.0 0.0 0.0 0.0
101210002 1.0 0.0 0.0 0.0 0.0 0.0 0.0 0.0 0.0
101201002 1.0 0.0 0.0 0.0 0.0 0.0 0.0 0.0 0.0
101200102 1.0 0.0 0.0 0.0 0.0 0.0 0.0 0.0 0.0
101200012 1.0 0.0 0.0 0.0 0.0 0.0 0.0 0.0 0.0
100210000 1.0 0.0 0.0 0.0 0.0 0.0 0.0 0.0 0.0
100212100 1.0 0.0 0.0 0.0 0.0 0.0 0.0 0.0 0.0
100212112 1.0 0.0 0.0 0.0 0.0 0.0 0.0 0.0 0.0
100212010 1.0 0.0 0.0 0.0 0.0 0.0 0.0 0.0 0.0
100211200 1.0 0.0 0.0 0.0 0.0 0.0 0.0 0.0 0.0
100211212 1.0 0.0 0.0 0.0 0.0 0.0 0.0 0.0 0.0
100210210 1.0 0.0 0.0 0.0 0.0 0.0 0.0 0.0 0.0
100211020 1.0 0.0 0.0 0.0 0.0 0.0 0.0 0.0 0.0
100211122 1.0 0.0 0.0 0.0 0.0 0.0 0.0 0.0 0.0
100210120 1.0 0.0 0.0 0.0 0.0 0.0 0.0 0.0 0.0
100211002 1.0 0.0 0.0 0.0 0.0 0.0 0.0 0.0 0.0
100210102 1.0 0.0 0.0 0.0 0.0 0.0 0.0 0.0 0.0
100210012 1.0 0.0 0.0 0.0 0.0 0.0 0.0 0.0 0.0
100201000 1.0 0.0 0.0 0.0 0.0 0.0 0.0 0.0 0.0
100221100 1.0 0.0 0.0 0.0 0.0 0.0 0.0 0.0 0.0
100221121 1.0 0.0 0.0 0.0 0.0 0.0 0.0 0.0 0.0
100221112 1.0 0.0 0.0 0.0 0.0 0.0 0.0 0.0 0.0
100221010 1.0 0.0 0.0 0.0 0.0 0.0 0.0 0.0 0.0
100221211 1.0 0.0 0.0 0.0 0.0 0.0 0.0 0.0 0.0
100221001 1.0 0.0 0.0 0.0 0.0 0.0 0.0 0.0 0.0
100201210 1.0 0.0 0.0 0.0 0.0 0.0 0.0 0.0 0.0
100201201 1.0 0.0 0.0 0.0 0.0 0.0 0.0 0.0 0.0
100201120 1.0 0.0 0.0 0.0 0.0 0.0 0.0 0.0 0.0
100201021 1.0 0.0 0.0 0.0 0.0 0.0 0.0 0.0 0.0
100201102 1.0 0.0 0.0 0.0 0.0 0.0 0.0 0.0 0.0
100201012 1.0 0.0 0.0 0.0 0.0 0.0 0.0 0.0 0.0
100200100 1.0 0.0 0.0 0.0 0.0 0.0 0.0 0.0 0.0
100220110 1.0 0.0 0.0 0.0 0.0 0.0 0.0 0.0 0.0
100220101 1.0 0.0 0.0 0.0 0.0 0.0 0.0 0.0 0.0
100202110 1.0 0.0 0.0 0.0 0.0 0.0 0.0 0.0 0.0
100202101 1.0 0.0 0.0 0.0 0.0 0.0 0.0 0.0 0.0
100200121 1.0 0.0 0.0 0.0 0.0 0.0 0.0 0.0 0.0
100200112 1.0 0.0 0.0 0.0 0.0 0.0 0.0 0.0 0.0
100200010 1.0 0.0 0.0 0.0 0.0 0.0 0.0 0.0 0.0
100220011 1.0 0.0 0.0 0.0 0.0 0.0 0.0 0.0 0.0
100202011 1.0 0.0 0.0 0.0 0.0 0.0 0.0 0.0 0.0
100200211 1.0 0.0 0.0 0.0 0.0 0.0 0.0 0.0 0.0
100200001 1.0 0.0 0.0 0.0 0.0 0.0 0.0 0.0 0.0
110020000 1.0 0.0 0.0 0.0 0.0 0.0 0.0 0.0 0.0
110122000 1.0 0.0 0.0 0.0 0.0 0.0 0.0 0.0 0.0
110122210 1.0 0.0 0.0 0.0 0.0 0.0 0.0 0.0 0.0
110122201 1.0 0.0 0.0 0.0 0.0 0.0 0.0 0.0 0.0
110122021 1.0 0.0 0.0 0.0 0.0 0.0 0.0 0.0 0.0
110122012 1.0 0.0 0.0 0.0 0.0 0.0 0.0 0.0 0.0
110022100 1.0 0.0 0.0 0.0 0.0 0.0 0.0 0.0 0.0
110022121 1.0 0.0 0.0 0.0 0.0 0.0 0.0 0.0 0.0
110022112 1.0 0.0 0.0 0.0 0.0 0.0 0.0 0.0 0.0
110022010 1.0 0.0 0.0 0.0 0.0 0.0 0.0 0.0 0.0
110022211 1.0 0.0 0.0 0.0 0.0 0.0 0.0 0.0 0.0
110022001 1.0 0.0 0.0 0.0 0.0 0.0 0.0 0.0 0.0
110120200 1.0 0.0 0.0 0.0 0.0 0.0 0.0 0.0 0.0
110121220 1.0 0.0 0.0 0.0 0.0 0.0 0.0 0.0 0.0
110120221 1.0 0.0 0.0 0.0 0.0 0.0 0.0 0.0 0.0
110121202 1.0 0.0 0.0 0.0 0.0 0.0 0.0 0.0 0.0
110120212 1.0 0.0 0.0 0.0 0.0 0.0 0.0 0.0 0.0
110021200 1.0 0.0 0.0 0.0 0.0 0.0 0.0 0.0 0.0
110021221 1.0 0.0 0.0 0.0 0.0 0.0 0.0 0.0 0.0
110021212 1.0 0.0 0.0 0.0 0.0 0.0 0.0 0.0 0.0
110020210 1.0 0.0 0.0 0.0 0.0 0.0 0.0 0.0 0.0
110020201 1.0 0.0 0.0 0.0 0.0 0.0 0.0 0.0 0.0
110120020 1.0 0.0 0.0 0.0 0.0 0.0 0.0 0.0 0.0
110121022 1.0 0.0 0.0 0.0 0.0 0.0 0.0 0.0 0.0
110021020 1.0 0.0 0.0 0.0 0.0 0.0 0.0 0.0 0.0
110021122 1.0 0.0 0.0 0.0 0.0 0.0 0.0 0.0 0.0
110020120 1.0 0.0 0.0 0.0 0.0 0.0 0.0 0.0 0.0
110020021 1.0 0.0 0.0 0.0 0.0 0.0 0.0 0.0 0.0
110120002 1.0 0.0 0.0 0.0 0.0 0.0 0.0 0.0 0.0
110021002 1.0 0.0 0.0 0.0 0.0 0.0 0.0 0.0 0.0
110020102 1.0 0.0 0.0 0.0 0.0 0.0 0.0 0.0 0.0
110020012 1.0 0.0 0.0 0.0 0.0 0.0 0.0 0.0 0.0
101020000 1.0 0.0 0.0 0.0 0.0 0.0 0.0 0.0 0.0
101122000 1.0 0.0 0.0 0.0 0.0 0.0 0.0 0.0 0.0
101122210 1.0 0.0 0.0 0.0 0.0 0.0 0.0 0.0 0.0
101122201 1.0 0.0 0.0 0.0 0.0 0.0 0.0 0.0 0.0
101122021 1.0 0.0 0.0 0.0 0.0 0.0 0.0 0.0 0.0
101122012 1.0 0.0 0.0 0.0 0.0 0.0 0.0 0.0 0.0
101022100 1.0 0.0 0.0 0.0 0.0 0.0 0.0 0.0 0.0
101022121 1.0 0.0 0.0 0.0 0.0 0.0 0.0 0.0 0.0
101022112 1.0 0.0 0.0 0.0 0.0 0.0 0.0 0.0 0.0
101022010 1.0 0.0 0.0 0.0 0.0 0.0 0.0 0.0 0.0
101022211 1.0 0.0 0.0 0.0 0.0 0.0 0.0 0.0 0.0
101022001 1.0 0.0 0.0 0.0 0.0 0.0 0.0 0.0 0.0
101120200 1.0 0.0 0.0 0.0 0.0 0.0 0.0 0.0 0.0
101121220 1.0 0.0 0.0 0.0 0.0 0.0 0.0 0.0 0.0
101120221 1.0 0.0 0.0 0.0 0.0 0.0 0.0 0.0 0.0
101121202 1.0 0.0 0.0 0.0 0.0 0.0 0.0 0.0 0.0
101120212 1.0 0.0 0.0 0.0 0.0 0.0 0.0 0.0 0.0
101021200 1.0 0.0 0.0 0.0 0.0 0.0 0.0 0.0 0.0
101021212 1.0 0.0 0.0 0.0 0.0 0.0 0.0 0.0 0.0
101020210 1.0 0.0 0.0 0.0 0.0 0.0 0.0 0.0 0.0
101020201 1.0 0.0 0.0 0.0 0.0 0.0 0.0 0.0 0.0
101120020 1.0 0.0 0.0 0.0 0.0 0.0 0.0 0.0 0.0
101121022 1.0 0.0 0.0 0.0 0.0 0.0 0.0 0.0 0.0
101021020 1.0 0.0 0.0 0.0 0.0 0.0 0.0 0.0 0.0
101021122 1.0 0.0 0.0 0.0 0.0 0.0 0.0 0.0 0.0
101020120 1.0 0.0 0.0 0.0 0.0 0.0 0.0 0.0 0.0
101020021 1.0 0.0 0.0 0.0 0.0 0.0 0.0 0.0 0.0
101120002 1.0 0.0 0.0 0.0 0.0 0.0 0.0 0.0 0.0
101021002 1.0 0.0 0.0 0.0 0.0 0.0 0.0 0.0 0.0
101020102 1.0 0.0 0.0 0.0 0.0 0.0 0.0 0.0 0.0
101020012 1.0 0.0 0.0 0.0 0.0 0.0 0.0 0.0 0.0
100120000 1.0 0.0 0.0 0.0 0.0 0.0 0.0 0.0 0.0
100122010 1.0 0.0 0.0 0.0 0.0 0.0 0.0 0.0 0.0
100122211 1.0 0.0 0.0 0.0 0.0 0.0 0.0 0.0 0.0
100122001 1.0 0.0 0.0 0.0 0.0 0.0 0.0 0.0 0.0
100121200 1.0 0.0 0.0 0.0 0.0 0.0 0.0 0.0 0.0
100121221 1.0 0.0 0.0 0.0 0.0 0.0 0.0 0.0 0.0
100121212 1.0 0.0 0.0 0.0 0.0 0.0 0.0 0.0 0.0
100120210 1.0 0.0 0.0 0.0 0.0 0.0 0.0 0.0 0.0
100120201 1.0 0.0 0.0 0.0 0.0 0.0 0.0 0.0 0.0
100121020 1.0 0.0 0.0 0.0 0.0 0.0 0.0 0.0 0.0
100120021 1.0 0.0 0.0 0.0 0.0 0.0 0.0 0.0 0.0
100121002 1.0 0.0 0.0 0.0 0.0 0.0 0.0 0.0 0.0
100120012 1.0 0.0 0.0 0.0 0.0 0.0 0.0 0.0 0.0
100021000 1.0 0.0 0.0 0.0 0.0 0.0 0.0 0.0 0.0
100021210 1.0 0.0 0.0 0.0 0.0 0.0 0.0 0.0 0.0
100021201 1.0 0.0 0.0 0.0 0.0 0.0 0.0 0.0 0.0
100021120 1.0 0.0 0.0 0.0 0.0 0.0 0.0 0.0 0.0
100021021 1.0 0.0 0.0 0.0 0.0 0.0 0.0 0.0 0.0
100021102 1.0 0.0 0.0 0.0 0.0 0.0 0.0 0.0 0.0
100021012 1.0 0.0 0.0 0.0 0.0 0.0 0.0 0.0 0.0
100020100 1.0 0.0 0.0 0.0 0.0 0.0 0.0 0.0 0.0
100022110 1.0 0.0 0.0 0.0 0.0 0.0 0.0 0.0 0.0
100022101 1.0 0.0 0.0 0.0 0.0 0.0 0.0 0.0 0.0
100020121 1.0 0.0 0.0 0.0 0.0 0.0 0.0 0.0 0.0
100020112 1.0 0.0 0.0 0.0 0.0 0.0 0.0 0.0 0.0
100020010 1.0 0.0 0.0 0.0 0.0 0.0 0.0 0.0 0.0
100022011 1.0 0.0 0.0 0.0 0.0 0.0 0.0 0.0 0.0
100020211 1.0 0.0 0.0 0.0 0.0 0.0 0.0 0.0 0.0
100020001 1.0 0.0 0.0 0.0 0.0 0.0 0.0 0.0 0.0
110002000 1.0 0.0 0.0 0.0 0.0 0.0 0.0 0.0 0.0
110102200 1.0 0.0 0.0 0.0 0.0 0.0 0.0 0.0 0.0
110112220 1.0 0.0 0.0 0.0 0.0 0.0 0.0 0.0 0.0
110102221 1.0 0.0 0.0 0.0 0.0 0.0 0.0 0.0 0.0
110112202 1.0 0.0 0.0 0.0 0.0 0.0 0.0 0.0 0.0
110102212 1.0 0.0 0.0 0.0 0.0 0.0 0.0 0.0 0.0
110012200 1.0 0.0 0.0 0.0 0.0 0.0 0.0 0.0 0.0
110002210 1.0 0.0 0.0 0.0 0.0 0.0 0.0 0.0 0.0
110002201 1.0 0.0 0.0 0.0 0.0 0.0 0.0 0.0 0.0
110102020 1.0 0.0 0.0 0.0 0.0 0.0 0.0 0.0 0.0
110112022 1.0 0.0 0.0 0.0 0.0 0.0 0.0 0.0 0.0
110012020 1.0 0.0 0.0 0.0 0.0 0.0 0.0 0.0 0.0
110012122 1.0 0.0 0.0 0.0 0.0 0.0 0.0 0.0 0.0
110002120 1.0 0.0 0.0 0.0 0.0 0.0 0.0 0.0 0.0
110002021 1.0 0.0 0.0 0.0 0.0 0.0 0.0 0.0 0.0
110102002 1.0 0.0 0.0 0.0 0.0 0.0 0.0 0.0 0.0
110012002 1.0 0.0 0.0 0.0 0.0 0.0 0.0 0.0 0.0
110002102 1.0 0.0 0.0 0.0 0.0 0.0 0.0 0.0 0.0
110002012 1.0 0.0 0.0 0.0 0.0 0.0 0.0 0.0 0.0
101002000 1.0 0.0 0.0 0.0 0.0 0.0 0.0 0.0 0.0
101102200 1.0 0.0 0.0 0.0 0.0 0.0 0.0 0.0 0.0
101112220 1.0 0.0 0.0 0.0 0.0 0.0 0.0 0.0 0.0
101102221 1.0 0.0 0.0 0.0 0.0 0.0 0.0 0.0 0.0
101112202 1.0 0.0 0.0 0.0 0.0 0.0 0.0 0.0 0.0
101102212 1.0 0.0 0.0 0.0 0.0 0.0 0.0 0.0 0.0
101012200 1.0 0.0 0.0 0.0 0.0 0.0 0.0 0.0 0.0
101012212 1.0 0.0 0.0 0.0 0.0 0.0 0.0 0.0 0.0
101002210 1.0 0.0 0.0 0.0 0.0 0.0 0.0 0.0 0.0
101002201 1.0 0.0 0.0 0.0 0.0 0.0 0.0 0.0 0.0
101102020 1.0 0.0 0.0 0.0 0.0 0.0 0.0 0.0 0.0
101112022 1.0 0.0 0.0 0.0 0.0 0.0 0.0 0.0 0.0
101012020 1.0 0.0 0.0 0.0 0.0 0.0 0.0 0.0 0.0
101002120 1.0 0.0 0.0 0.0 0.0 0.0 0.0 0.0 0.0
101002021 1.0 0.0 0.0 0.0 0.0 0.0 0.0 0.0 0.0
101102002 1.0 0.0 0.0 0.0 0.0 0.0 0.0 0.0 0.0
101012002 1.0 0.0 0.0 0.0 0.0 0.0 0.0 0.0 0.0
101002102 1.0 0.0 0.0 0.0 0.0 0.0 0.0 0.0 0.0
101002012 1.0 0.0 0.0 0.0 0.0 0.0 0.0 0.0 0.0
100102000 1.0 0.0 0.0 0.0 0.0 0.0 0.0 0.0 0.0
100112200 1.0 0.0 0.0 0.0 0.0 0.0 0.0 0.0 0.0
100112212 1.0 0.0 0.0 0.0 0.0 0.0 0.0 0.0 0.0
100102210 1.0 0.0 0.0 0.0 0.0 0.0 0.0 0.0 0.0
100102201 1.0 0.0 0.0 0.0 0.0 0.0 0.0 0.0 0.0
100112020 1.0 0.0 0.0 0.0 0.0 0.0 0.0 0.0 0.0
100102021 1.0 0.0 0.0 0.0 0.0 0.0 0.0 0.0 0.0
100112002 1.0 0.0 0.0 0.0 0.0 0.0 0.0 0.0 0.0
100102012 1.0 0.0 0.0 0.0 0.0 0.0 0.0 0.0 0.0
100012000 1.0 0.0 0.0 0.0 0.0 0.0 0.0 0.0 0.0
100012210 1.0 0.0 0.0 0.0 0.0 0.0 0.0 0.0 0.0
100012120 1.0 0.0 0.0 0.0 0.0 0.0 0.0 0.0 0.0
100012102 1.0 0.0 0.0 0.0 0.0 0.0 0.0 0.0 0.0
100012012 1.0 0.0 0.0 0.0 0.0 0.0 0.0 0.0 0.0
100002100 1.0 0.0 0.0 0.0 0.0 0.0 0.0 0.0 0.0
100002121 1.0 0.0 0.0 0.0 0.0 0.0 0.0 0.0 0.0
100002112 1.0 0.0 0.0 0.0 0.0 0.0 0.0 0.0 0.0
100002010 1.0 0.0 0.0 0.0 0.0 0.0 0.0 0.0 0.0
100002211 1.0 0.0 0.0 0.0 0.0 0.0 0.0 0.0 0.0
100002001 1.0 0.0 0.0 0.0 0.0 0.0 0.0 0.0 0.0
110000200 1.0 0.0 0.0 0.0 0.0 0.0 0.0 0.0 0.0
110100220 1.0 0.0 0.0 0.0 0.0 0.0 0.0 0.0 0.0
110010220 1.0 0.0 0.0 0.0 0.0 0.0 0.0 0.0 0.0
110001220 1.0 0.0 0.0 0.0 0.0 0.0 0.0 0.0 0.0
110000221 1.0 0.0 0.0 0.0 0.0 0.0 0.0 0.0 0.0
110100202 1.0 0.0 0.0 0.0 0.0 0.0 0.0 0.0 0.0
110010202 1.0 0.0 0.0 0.0 0.0 0.0 0.0 0.0 0.0
110001202 1.0 0.0 0.0 0.0 0.0 0.0 0.0 0.0 0.0
110000212 1.0 0.0 0.0 0.0 0.0 0.0 0.0 0.0 0.0
101000200 1.0 0.0 0.0 0.0 0.0 0.0 0.0 0.0 0.0
101100220 1.0 0.0 0.0 0.0 0.0 0.0 0.0 0.0 0.0
101010220 1.0 0.0 0.0 0.0 0.0 0.0 0.0 0.0 0.0
101001220 1.0 0.0 0.0 0.0 0.0 0.0 0.0 0.0 0.0
101000221 1.0 0.0 0.0 0.0 0.0 0.0 0.0 0.0 0.0
101100202 1.0 0.0 0.0 0.0 0.0 0.0 0.0 0.0 0.0
101010202 1.0 0.0 0.0 0.0 0.0 0.0 0.0 0.0 0.0
101001202 1.0 0.0 0.0 0.0 0.0 0.0 0.0 0.0 0.0
101000212 1.0 0.0 0.0 0.0 0.0 0.0 0.0 0.0 0.0
100100200 1.0 0.0 0.0 0.0 0.0 0.0 0.0 0.0 0.0
100110220 1.0 0.0 0.0 0.0 0.0 0.0 0.0 0.0 0.0
100101220 1.0 0.0 0.0 0.0 0.0 0.0 0.0 0.0 0.0
100100221 1.0 0.0 0.0 0.0 0.0 0.0 0.0 0.0 0.0
100110202 1.0 0.0 0.0 0.0 0.0 0.0 0.0 0.0 0.0
100101202 1.0 0.0 0.0 0.0 0.0 0.0 0.0 0.0 0.0
100100212 1.0 0.0 0.0 0.0 0.0 0.0 0.0 0.0 0.0
100010200 1.0 0.0 0.0 0.0 0.0 0.0 0.0 0.0 0.0
100011220 1.0 0.0 0.0 0.0 0.0 0.0 0.0 0.0 0.0
100011202 1.0 0.0 0.0 0.0 0.0 0.0 0.0 0.0 0.0
100010212 1.0 0.0 0.0 0.0 0.0 0.0 0.0 0.0 0.0
100001200 1.0 0.0 0.0 0.0 0.0 0.0 0.0 0.0 0.0
100001221 1.0 0.0 0.0 0.0 0.0 0.0 0.0 0.0 0.0
100001212 1.0 0.0 0.0 0.0 0.0 0.0 0.0 0.0 0.0
100000210 1.0 0.0 0.0 0.0 0.0 0.0 0.0 0.0 0.0
100000201 1.0 0.0 0.0 0.0 0.0 0.0 0.0 0.0 0.0
110000020 1.0 0.0 0.0 0.0 0.0 0.0 0.0 0.0 0.0
110100022 1.0 0.0 0.0 0.0 0.0 0.0 0.0 0.0 0.0
110010022 1.0 0.0 0.0 0.0 0.0 0.0 0.0 0.0 0.0
110001022 1.0 0.0 0.0 0.0 0.0 0.0 0.0 0.0 0.0
110000122 1.0 0.0 0.0 0.0 0.0 0.0 0.0 0.0 0.0
101000020 1.0 0.0 0.0 0.0 0.0 0.0 0.0 0.0 0.0
101100022 1.0 0.0 0.0 0.0 0.0 0.0 0.0 0.0 0.0
101010022 1.0 0.0 0.0 0.0 0.0 0.0 0.0 0.0 0.0
101001022 1.0 0.0 0.0 0.0 0.0 0.0 0.0 0.0 0.0
101000122 1.0 0.0 0.0 0.0 0.0 0.0 0.0 0.0 0.0
100100020 1.0 0.0 0.0 0.0 0.0 0.0 0.0 0.0 0.0
100110022 1.0 0.0 0.0 0.0 0.0 0.0 0.0 0.0 0.0
100101022 1.0 0.0 0.0 0.0 0.0 0.0 0.0 0.0 0.0
100010020 1.0 0.0 0.0 0.0 0.0 0.0 0.0 0.0 0.0
100011022 1.0 0.0 0.0 0.0 0.0 0.0 0.0 0.0 0.0
100010122 1.0 0.0 0.0 0.0 0.0 0.0 0.0 0.0 0.0
100001020 1.0 0.0 0.0 0.0 0.0 0.0 0.0 0.0 0.0
100001122 1.0 0.0 0.0 0.0 0.0 0.0 0.0 0.0 0.0
100000120 1.0 0.0 0.0 0.0 0.0 0.0 0.0 0.0 0.0
100000021 1.0 0.0 0.0 0.0 0.0 0.0 0.0 0.0 0.0
110000002 1.0 0.0 0.0 0.0 0.0 0.0 0.0 0.0 0.0
101000002 1.0 0.0 0.0 0.0 0.0 0.0 0.0 0.0 0.0
100100002 1.0 0.0 0.0 0.0 0.0 0.0 0.0 0.0 0.0
100010002 1.0 0.0 0.0 0.0 0.0 0.0 0.0 0.0 0.0
100001002 1.0 0.0 0.0 0.0 0.0 0.0 0.0 0.0 0.0
100000102 1.0 0.0 0.0 0.0 0.0 0.0 0.0 0.0 0.0
100000012 1.0 0.0 0.0 0.0 0.0 0.0 0.0 0.0 0.0
010000000 1.0 0.0 0.0 0.0 0.0 0.0 0.0 0.0 0.0
211000000 1.0 0.0 0.0 0.0 0.0 0.0 0.0 0.0 0.0
211210000 1.0 0.0 0.0 0.0 0.0 0.0 0.0 0.0 0.0
211212001 1.0 0.0 0.0 0.0 0.0 0.0 0.0 0.0 0.0
211211020 1.0 0.0 0.0 0.0 0.0 0.0 0.0 0.0 0.0
211210021 1.0 0.0 0.0 0.0 0.0 0.0 0.0 0.0 0.0
211211002 1.0 0.0 0.0 0.0 0.0 0.0 0.0 0.0 0.0
211201000 1.0 0.0 0.0 0.0 0.0 0.0 0.0 0.0 0.0
211221100 1.0 0.0 0.0 0.0 0.0 0.0 0.0 0.0 0.0
211221010 1.0 0.0 0.0 0.0 0.0 0.0 0.0 0.0 0.0
211201120 1.0 0.0 0.0 0.0 0.0 0.0 0.0 0.0 0.0
211201102 1.0 0.0 0.0 0.0 0.0 0.0 0.0 0.0 0.0
211201012 1.0 0.0 0.0 0.0 0.0 0.0 0.0 0.0 0.0
211200100 1.0 0.0 0.0 0.0 0.0 0.0 0.0 0.0 0.0
211220110 1.0 0.0 0.0 0.0 0.0 0.0 0.0 0.0 0.0
211220101 1.0 0.0 0.0 0.0 0.0 0.0 0.0 0.0 0.0
211202110 1.0 0.0 0.0 0.0 0.0 0.0 0.0 0.0 0.0
211202101 1.0 0.0 0.0 0.0 0.0 0.0 0.0 0.0 0.0
211200121 1.0 0.0 0.0 0.0 0.0 0.0 0.0 0.0 0.0
211200112 1.0 0.0 0.0 0.0 0.0 0.0 0.0 0.0 0.0
211200010 1.0 0.0 0.0 0.0 0.0 0.0 0.0 0.0 0.0
211220011 1.0 0.0 0.0 0.0 0.0 0.0 0.0 0.0 0.0
211202011 1.0 0.0 0.0 0.0 0.0 0.0 0.0 0.0 0.0
211200001 1.0 0.0 0.0 0.0 0.0 0.0 0.0 0.0 0.0
211120000 1.0 0.0 0.0 0.0 0.0 0.0 0.0 0.0 0.0
211122100 1.0 0.0 0.0 0.0 0.0 0.0 0.0 0.0 0.0
211122010 1.0 0.0 0.0 0.0 0.0 0.0 0.0 0.0 0.0
211122001 1.0 0.0 0.0 0.0 0.0 0.0 0.0 0.0 0.0
211121200 1.0 0.0 0.0 0.0 0.0 0.0 0.0 0.0 0.0
211120210 1.0 0.0 0.0 0.0 0.0 0.0 0.0 0.0 0.0
211120201 1.0 0.0 0.0 0.0 0.0 0.0 0.0 0.0 0.0
211121020 1.0 0.0 0.0 0.0 0.0 0.0 0.0 0.0 0.0
211120120 1.0 0.0 0.0 0.0 0.0 0.0 0.0 0.0 0.0
211120021 1.0 0.0 0.0 0.0 0.0 0.0 0.0 0.0 0.0
211021000 1.0 0.0 0.0 0.0 0.0 0.0 0.0 0.0 0.0
211021210 1.0 0.0 0.0 0.0 0.0 0.0 0.0 0.0 0.0
211021120 1.0 0.0 0.0 0.0 0.0 0.0 0.0 0.0 0.0
211020100 1.0 0.0 0.0 0.0 0.0 0.0 0.0 0.0 0.0
211022110 1.0 0.0 0.0 0.0 0.0 0.0 0.0 0.0 0.0
211022101 1.0 0.0 0.0 0.0 0.0 0.0 0.0 0.0 0.0
211020121 1.0 0.0 0.0 0.0 0.0 0.0 0.0 0.0 0.0
211020010 1.0 0.0 0.0 0.0 0.0 0.0 0.0 0.0 0.0
211022011 1.0 0.0 0.0 0.0 0.0 0.0 0.0 0.0 0.0
211020211 1.0 0.0 0.0 0.0 0.0 0.0 0.0 0.0 0.0
211020001 1.0 0.0 0.0 0.0 0.0 0.0 0.0 0.0 0.0
211102000 1.0 0.0 0.0 0.0 0.0 0.0 0.0 0.0 0.0
211112200 1.0 0.0 0.0 0.0 0.0 0.0 0.0 0.0 0.0
211102210 1.0 0.0 0.0 0.0 0.0 0.0 0.0 0.0 0.0
211102201 1.0 0.0 0.0 0.0 0.0 0.0 0.0 0.0 0.0
211112020 1.0 0.0 0.0 0.0 0.0 0.0 0.0 0.0 0.0
211102120 1.0 0.0 0.0 0.0 0.0 0.0 0.0 0.0 0.0
211102021 1.0 0.0 0.0 0.0 0.0 0.0 0.0 0.0 0.0
211112002 1.0 0.0 0.0 0.0 0.0 0.0 0.0 0.0 0.0
211102102 1.0 0.0 0.0 0.0 0.0 0.0 0.0 0.0 0.0
211102012 1.0 0.0 0.0 0.0 0.0 0.0 0.0 0.0 0.0
211012000 1.0 0.0 0.0 0.0 0.0 0.0 0.0 0.0 0.0
211012201 1.0 0.0 0.0 0.0 0.0 0.0 0.0 0.0 0.0
211012021 1.0 0.0 0.0 0.0 0.0 0.0 0.0 0.0 0.0
211002100 1.0 0.0 0.0 0.0 0.0 0.0 0.0 0.0 0.0
211002121 1.0 0.0 0.0 0.0 0.0 0.0 0.0 0.0 0.0
211002112 1.0 0.0 0.0 0.0 0.0 0.0 0.0 0.0 0.0
211002010 1.0 0.0 0.0 0.0 0.0 0.0 0.0 0.0 0.0
211002211 1.0 0.0 0.0 0.0 0.0 0.0 0.0 0.0 0.0
211002001 1.0 0.0 0.0 0.0 0.0 0.0 0.0 0.0 0.0
211100200 1.0 0.0 0.0 0.0 0.0 0.0 0.0 0.0 0.0
211110220 1.0 0.0 0.0 0.0 0.0 0.0 0.0 0.0 0.0
211101220 1.0 0.0 0.0 0.0 0.0 0.0 0.0 0.0 0.0
211100221 1.0 0.0 0.0 0.0 0.0 0.0 0.0 0.0 0.0
211110202 1.0 0.0 0.0 0.0 0.0 0.0 0.0 0.0 0.0
211101202 1.0 0.0 0.0 0.0 0.0 0.0 0.0 0.0 0.0
211100212 1.0 0.0 0.0 0.0 0.0 0.0 0.0 0.0 0.0
211010200 1.0 0.0 0.0 0.0 0.0 0.0 0.0 0.0 0.0
211011220 1.0 0.0 0.0 0.0 0.0 0.0 0.0 0.0 0.0
211010221 1.0 0.0 0.0 0.0 0.0 0.0 0.0 0.0 0.0
211011202 1.0 0.0 0.0 0.0 0.0 0.0 0.0 0.0 0.0
211001200 1.0 0.0 0.0 0.0 0.0 0.0 0.0 0.0 0.0
211001212 1.0 0.0 0.0 0.0 0.0 0.0 0.0 0.0 0.0
211000210 1.0 0.0 0.0 0.0 0.0 0.0 0.0 0.0 0.0
211000201 1.0 0.0 0.0 0.0 0.0 0.0 0.0 0.0 0.0
211100020 1.0 0.0 0.0 0.0 0.0 0.0 0.0 0.0 0.0
211110022 1.0 0.0 0.0 0.0 0.0 0.0 0.0 0.0 0.0
211101022 1.0 0.0 0.0 0.0 0.0 0.0 0.0 0.0 0.0
211100122 1.0 0.0 0.0 0.0 0.0 0.0 0.0 0.0 0.0
211010020 1.0 0.0 0.0 0.0 0.0 0.0 0.0 0.0 0.0
211011022 1.0 0.0 0.0 0.0 0.0 0.0 0.0 0.0 0.0
211001020 1.0 0.0 0.0 0.0 0.0 0.0 0.0 0.0 0.0
211001122 1.0 0.0 0.0 0.0 0.0 0.0 0.0 0.0 0.0
211000120 1.0 0.0 0.0 0.0 0.0 0.0 0.0 0.0 0.0
211000021 1.0 0.0 0.0 0.0 0.0 0.0 0.0 0.0 0.0
211100002 1.0 0.0 0.0 0.0 0.0 0.0 0.0 0.0 0.0
211010002 1.0 0.0 0.0 0.0 0.0 0.0 0.0 0.0 0.0
211001002 1.0 0.0 0.0 0.0 0.0 0.0 0.0 0.0 0.0
211000102 1.0 0.0 0.0 0.0 0.0 0.0 0.0 0.0 0.0
211000012 1.0 0.0 0.0 0.0 0.0 0.0 0.0 0.0 0.0
210100000 1.0 0.0 0.0 0.0 0.0 0.0 0.0 0.0 0.0
212110000 1.0 0.0 0.0 0.0 0.0 0.0 0.0 0.0 0.0
212112100 1.0 0.0 0.0 0.0 0.0 0.0 0.0 0.0 0.0
212112001 1.0 0.0 0.0 0.0 0.0 0.0 0.0 0.0 0.0
212110201 1.0 0.0 0.0 0.0 0.0 0.0 0.0 0.0 0.0
212110120 1.0 0.0 0.0 0.0 0.0 0.0 0.0 0.0 0.0
212110021 1.0 0.0 0.0 0.0 0.0 0.0 0.0 0.0 0.0
212110102 1.0 0.0 0.0 0.0 0.0 0.0 0.0 0.0 0.0
212101000 1.0 0.0 0.0 0.0 0.0 0.0 0.0 0.0 0.0
212121100 1.0 0.0 0.0 0.0 0.0 0.0 0.0 0.0 0.0
212121010 1.0 0.0 0.0 0.0 0.0 0.0 0.0 0.0 0.0
212121001 1.0 0.0 0.0 0.0 0.0 0.0 0.0 0.0 0.0
212101210 1.0 0.0 0.0 0.0 0.0 0.0 0.0 0.0 0.0
212101201 1.0 0.0 0.0 0.0 0.0 0.0 0.0 0.0 0.0
212101120 1.0 0.0 0.0 0.0 0.0 0.0 0.0 0.0 0.0
212101021 1.0 0.0 0.0 0.0 0.0 0.0 0.0 0.0 0.0
212101102 1.0 0.0 0.0 0.0 0.0 0.0 0.0 0.0 0.0
212101012 1.0 0.0 0.0 0.0 0.0 0.0 0.0 0.0 0.0
212100100 1.0 0.0 0.0 0.0 0.0 0.0 0.0 0.0 0.0
212120110 1.0 0.0 0.0 0.0 0.0 0.0 0.0 0.0 0.0
212120101 1.0 0.0 0.0 0.0 0.0 0.0 0.0 0.0 0.0
212102110 1.0 0.0 0.0 0.0 0.0 0.0 0.0 0.0 0.0
212102101 1.0 0.0 0.0 0.0 0.0 0.0 0.0 0.0 0.0
212100121 1.0 0.0 0.0 0.0 0.0 0.0 0.0 0.0 0.0
212100112 1.0 0.0 0.0 0.0 0.0 0.0 0.0 0.0 0.0
212100010 1.0 0.0 0.0 0.0 0.0 0.0 0.0 0.0 0.0
212120011 1.0 0.0 0.0 0.0 0.0 0.0 0.0 0.0 0.0
212102011 1.0 0.0 0.0 0.0 0.0 0.0 0.0 0.0 0.0
212100211 1.0 0.0 0.0 0.0 0.0 0.0 0.0 0.0 0.0
212100001 1.0 0.0 0.0 0.0 0.0 0.0 0.0 0.0 0.0
210121000 1.0 0.0 0.0 0.0 0.0 0.0 0.0 0.0 0.0
210121210 1.0 0.0 0.0 0.0 0.0 0.0 0.0 0.0 0.0
210121201 1.0 0.0 0.0 0.0 0.0 0.0 0.0 0.0 0.0
210121120 1.0 0.0 0.0 0.0 0.0 0.0 0.0 0.0 0.0
210121021 1.0 0.0 0.0 0.0 0.0 0.0 0.0 0.0 0.0
210120100 1.0 0.0 0.0 0.0 0.0 0.0 0.0 0.0 0.0
210122110 1.0 0.0 0.0 0.0 0.0 0.0 0.0 0.0 0.0
210122101 1.0 0.0 0.0 0.0 0.0 0.0 0.0 0.0 0.0
210120121 1.0 0.0 0.0 0.0 0.0 0.0 0.0 0.0 0.0
210120010 1.0 0.0 0.0 0.0 0.0 0.0 0.0 0.0 0.0
210122011 1.0 0.0 0.0 0.0 0.0 0.0 0.0 0.0 0.0
210120211 1.0 0.0 0.0 0.0 0.0 0.0 0.0 0.0 0.0
210120001 1.0 0.0 0.0 0.0 0.0 0.0 0.0 0.0 0.0
210112000 1.0 0.0 0.0 0.0 0.0 0.0 0.0 0.0 0.0
210112201 1.0 0.0 0.0 0.0 0.0 0.0 0.0 0.0 0.0
210112120 1.0 0.0 0.0 0.0 0.0 0.0 0.0 0.0 0.0
210112021 1.0 0.0 0.0 0.0 0.0 0.0 0.0 0.0 0.0
210112102 1.0 0.0 0.0 0.0 0.0 0.0 0.0 0.0 0.0
210102100 1.0 0.0 0.0 0.0 0.0 0.0 0.0 0.0 0.0
210102121 1.0 0.0 0.0 0.0 0.0 0.0 0.0 0.0 0.0
210102112 1.0 0.0 0.0 0.0 0.0 0.0 0.0 0.0 0.0
210102010 1.0 0.0 0.0 0.0 0.0 0.0 0.0 0.0 0.0
210102211 1.0 0.0 0.0 0.0 0.0 0.0 0.0 0.0 0.0
210102001 1.0 0.0 0.0 0.0 0.0 0.0 0.0 0.0 0.0
210110200 1.0 0.0 0.0 0.0 0.0 0.0 0.0 0.0 0.0
210110221 1.0 0.0 0.0 0.0 0.0 0.0 0.0 0.0 0.0
210101200 1.0 0.0 0.0 0.0 0.0 0.0 0.0 0.0 0.0
210101221 1.0 0.0 0.0 0.0 0.0 0.0 0.0 0.0 0.0
210101212 1.0 0.0 0.0 0.0 0.0 0.0 0.0 0.0 0.0
210100210 1.0 0.0 0.0 0.0 0.0 0.0 0.0 0.0 0.0
210100201 1.0 0.0 0.0 0.0 0.0 0.0 0.0 0.0 0.0
210110020 1.0 0.0 0.0 0.0 0.0 0.0 0.0 0.0 0.0
210110122 1.0 0.0 0.0 0.0 0.0 0.0 0.0 0.0 0.0
210101020 1.0 0.0 0.0 0.0 0.0 0.0 0.0 0.0 0.0
210101122 1.0 0.0 0.0 0.0 0.0 0.0 0.0 0.0 0.0
210100120 1.0 0.0 0.0 0.0 0.0 0.0 0.0 0.0 0.0
210100021 1.0 0.0 0.0 0.0 0.0 0.0 0.0 0.0 0.0
210110002 1.0 0.0 0.0 0.0 0.0 0.0 0.0 0.0 0.0
210101002 1.0 0.0 0.0 0.0 0.0 0.0 0.0 0.0 0.0
210100102 1.0 0.0 0.0 0.0 0.0 0.0 0.0 0.0 0.0
210100012 1.0 0.0 0.0 0.0 0.0 0.0 0.0 0.0 0.0
210010000 1.0 0.0 0.0 0.0 0.0 0.0 0.0 0.0 0.0
212011000 1.0 0.0 0.0 0.0 0.0 0.0 0.0 0.0 0.0
212211100 1.0 0.0 0.0 0.0 0.0 0.0 0.0 0.0 0.0
212211001 1.0 0.0 0.0 0.0 0.0 0.0 0.0 0.0 0.0
212011201 1.0 0.0 0.0 0.0 0.0 0.0 0.0 0.0 0.0
212011120 1.0 0.0 0.0 0.0 0.0 0.0 0.0 0.0 0.0
212011021 1.0 0.0 0.0 0.0 0.0 0.0 0.0 0.0 0.0
212011102 1.0 0.0 0.0 0.0 0.0 0.0 0.0 0.0 0.0
212010100 1.0 0.0 0.0 0.0 0.0 0.0 0.0 0.0 0.0
212210101 1.0 0.0 0.0 0.0 0.0 0.0 0.0 0.0 0.0
212012101 1.0 0.0 0.0 0.0 0.0 0.0 0.0 0.0 0.0
212010121 1.0 0.0 0.0 0.0 0.0 0.0 0.0 0.0 0.0
212010001 1.0 0.0 0.0 0.0 0.0 0.0 0.0 0.0 0.0
210211000 1.0 0.0 0.0 0.0 0.0 0.0 0.0 0.0 0.0
210211120 1.0 0.0 0.0 0.0 0.0 0.0 0.0 0.0 0.0
210211021 1.0 0.0 0.0 0.0 0.0 0.0 0.0 0.0 0.0
210211102 1.0 0.0 0.0 0.0 0.0 0.0 0.0 0.0 0.0
210210100 1.0 0.0 0.0 0.0 0.0 0.0 0.0 0.0 0.0
210212101 1.0 0.0 0.0 0.0 0.0 0.0 0.0 0.0 0.0
210210121 1.0 0.0 0.0 0.0 0.0 0.0 0.0 0.0 0.0
210210001 1.0 0.0 0.0 0.0 0.0 0.0 0.0 0.0 0.0
210012100 1.0 0.0 0.0 0.0 0.0 0.0 0.0 0.0 0.0
210012121 1.0 0.0 0.0 0.0 0.0 0.0 0.0 0.0 0.0
210012001 1.0 0.0 0.0 0.0 0.0 0.0 0.0 0.0 0.0
210011200 1.0 0.0 0.0 0.0 0.0 0.0 0.0 0.0 0.0
210011221 1.0 0.0 0.0 0.0 0.0 0.0 0.0 0.0 0.0
210010201 1.0 0.0 0.0 0.0 0.0 0.0 0.0 0.0 0.0
210011020 1.0 0.0 0.0 0.0 0.0 0.0 0.0 0.0 0.0
210011122 1.0 0.0 0.0 0.0 0.0 0.0 0.0 0.0 0.0
210010120 1.0 0.0 0.0 0.0 0.0 0.0 0.0 0.0 0.0
210010021 1.0 0.0 0.0 0.0 0.0 0.0 0.0 0.0 0.0
210011002 1.0 0.0 0.0 0.0 0.0 0.0 0.0 0.0 0.0
210010102 1.0 0.0 0.0 0.0 0.0 0.0 0.0 0.0 0.0
210001000 1.0 0.0 0.0 0.0 0.0 0.0 0.0 0.0 0.0
212001100 1.0 0.0 0.0 0.0 0.0 0.0 0.0 0.0 0.0
212201110 1.0 0.0 0.0 0.0 0.0 0.0 0.0 0.0 0.0
212201101 1.0 0.0 0.0 0.0 0.0 0.0 0.0 0.0 0.0
212021110 1.0 0.0 0.0 0.0 0.0 0.0 0.0 0.0 0.0
212021101 1.0 0.0 0.0 0.0 0.0 0.0 0.0 0.0 0.0
212001121 1.0 0.0 0.0 0.0 0.0 0.0 0.0 0.0 0.0
212001112 1.0 0.0 0.0 0.0 0.0 0.0 0.0 0.0 0.0
212001010 1.0 0.0 0.0 0.0 0.0 0.0 0.0 0.0 0.0
212201011 1.0 0.0 0.0 0.0 0.0 0.0 0.0 0.0 0.0
212021011 1.0 0.0 0.0 0.0 0.0 0.0 0.0 0.0 0.0
212001211 1.0 0.0 0.0 0.0 0.0 0.0 0.0 0.0 0.0
212001001 1.0 0.0 0.0 0.0 0.0 0.0 0.0 0.0 0.0
210201100 1.0 0.0 0.0 0.0 0.0 0.0 0.0 0.0 0.0
210221110 1.0 0.0 0.0 0.0 0.0 0.0 0.0 0.0 0.0
210221101 1.0 0.0 0.0 0.0 0.0 0.0 0.0 0.0 0.0
210201121 1.0 0.0 0.0 0.0 0.0 0.0 0.0 0.0 0.0
210201112 1.0 0.0 0.0 0.0 0.0 0.0 0.0 0.0 0.0
210201010 1.0 0.0 0.0 0.0 0.0 0.0 0.0 0.0 0.0
210221011 1.0 0.0 0.0 0.0 0.0 0.0 0.0 0.0 0.0
210201001 1.0 0.0 0.0 0.0 0.0 0.0 0.0 0.0 0.0
210021100 1.0 0.0 0.0 0.0 0.0 0.0 0.0 0.0 0.0
210021121 1.0 0.0 0.0 0.0 0.0 0.0 0.0 0.0 0.0
210021010 1.0 0.0 0.0 0.0 0.0 0.0 0.0 0.0 0.0
210021211 1.0 0.0 0.0 0.0 0.0 0.0 0.0 0.0 0.0
210021001 1.0 0.0 0.0 0.0 0.0 0.0 0.0 0.0 0.0
210001210 1.0 0.0 0.0 0.0 0.0 0.0 0.0 0.0 0.0
210001201 1.0 0.0 0.0 0.0 0.0 0.0 0.0 0.0 0.0
210001120 1.0 0.0 0.0 0.0 0.0 0.0 0.0 0.0 0.0
210001021 1.0 0.0 0.0 0.0 0.0 0.0 0.0 0.0 0.0
210001102 1.0 0.0 0.0 0.0 0.0 0.0 0.0 0.0 0.0
210001012 1.0 0.0 0.0 0.0 0.0 0.0 0.0 0.0 0.0
210000100 1.0 0.0 0.0 0.0 0.0 0.0 0.0 0.0 0.0
212000110 1.0 0.0 0.0 0.0 0.0 0.0 0.0 0.0 0.0
212000101 1.0 0.0 0.0 0.0 0.0 0.0 0.0 0.0 0.0
210200110 1.0 0.0 0.0 0.0 0.0 0.0 0.0 0.0 0.0
210200101 1.0 0.0 0.0 0.0 0.0 0.0 0.0 0.0 0.0
210020110 1.0 0.0 0.0 0.0 0.0 0.0 0.0 0.0 0.0
210020101 1.0 0.0 0.0 0.0 0.0 0.0 0.0 0.0 0.0
210002110 1.0 0.0 0.0 0.0 0.0 0.0 0.0 0.0 0.0
210002101 1.0 0.0 0.0 0.0 0.0 0.0 0.0 0.0 0.0
210000121 1.0 0.0 0.0 0.0 0.0 0.0 0.0 0.0 0.0
210000112 1.0 0.0 0.0 0.0 0.0 0.0 0.0 0.0 0.0
210000010 1.0 0.0 0.0 0.0 0.0 0.0 0.0 0.0 0.0
212000011 1.0 0.0 0.0 0.0 0.0 0.0 0.0 0.0 0.0
210200011 1.0 0.0 0.0 0.0 0.0 0.0 0.0 0.0 0.0
210020011 1.0 0.0 0.0 0.0 0.0 0.0 0.0 0.0 0.0
210002011 1.0 0.0 0.0 0.0 0.0 0.0 0.0 0.0 0.0
210000211 1.0 0.0 0.0 0.0 0.0 0.0 0.0 0.0 0.0
210000001 1.0 0.0 0.0 0.0 0.0 0.0 0.0 0.0 0.0
012100000 1.0 0.0 0.0 0.0 0.0 0.0 0.0 0.0 0.0
012121000 1.0 0.0 0.0 0.0 0.0 0.0 0.0 0.0 0.0
012121120 1.0 0.0 0.0 0.0 0.0 0.0 0.0 0.0 0.0
012121021 1.0 0.0 0.0 0.0 0.0 0.0 0.0 0.0 0.0
012121102 1.0 0.0 0.0 0.0 0.0 0.0 0.0 0.0 0.0
012121012 1.0 0.0 0.0 0.0 0.0 0.0 0.0 0.0 0.0
012120100 0.0 0.0 0.0 0.0 0.0 1.0 0.0 0.0 0.0
012122110 1.0 0.0 0.0 0.0 0.0 0.0 0.0 0.0 0.0
012122101 1.0 0.0 0.0 0.0 0.0 0.0 0.0 0.0 0.0
012120121 1.0 0.0 0.0 0.0 0.0 0.0 0.0 0.0 0.0
012120112 1.0 0.0 0.0 0.0 0.0 0.0 0.0 0.0 0.0
012120010 1.0 0.0 0.0 0.0 0.0 0.0 0.0 0.0 0.0
012122011 1.0 0.0 0.0 0.0 0.0 0.0 0.0 0.0 0.0
012120001 1.0 0.0 0.0 0.0 0.0 0.0 0.0 0.0 0.0
012112000 1.0 0.0 0.0 0.0 0.0 0.0 0.0 0.0 0.0
012112201 1.0 0.0 0.0 0.0 0.0 0.0 0.0 0.0 0.0
012112120 1.0 0.0 0.0 0.0 0.0 0.0 0.0 0.0 0.0
012112021 1.0 0.0 0.0 0.0 0.0 0.0 0.0 0.0 0.0
012102100 0.0 0.0 0.0 0.0 1.0 0.0 0.0 0.0 0.0
012102121 1.0 0.0 0.0 0.0 0.0 0.0 0.0 0.0 0.0
012102010 1.0 0.0 0.0 0.0 0.0 0.0 0.0 0.0 0.0
012102211 1.0 0.0 0.0 0.0 0.0 0.0 0.0 0.0 0.0
012102001 1.0 0.0 0.0 0.0 0.0 0.0 0.0 0.0 0.0
012110200 1.0 0.0 0.0 0.0 0.0 0.0 0.0 0.0 0.0
012110221 1.0 0.0 0.0 0.0 0.0 0.0 0.0 0.0 0.0
012101200 1.0 0.0 0.0 0.0 0.0 0.0 0.0 0.0 0.0
012101221 1.0 0.0 0.0 0.0 0.0 0.0 0.0 0.0 0.0
012101212 1.0 0.0 0.0 0.0 0.0 0.0 0.0 0.0 0.0
012100210 1.0 0.0 0.0 0.0 0.0 0.0 0.0 0.0 0.0
012100201 1.0 0.0 0.0 0.0 0.0 0.0 0.0 0.0 0.0
012110020 1.0 0.0 0.0 0.0 0.0 0.0 0.0 0.0 0.0
012110122 1.0 0.0 0.0 0.0 0.0 0.0 0.0 0.0 0.0
012101020 1.0 0.0 0.0 0.0 0.0 0.0 0.0 0.0 0.0
012101122 1.0 0.0 0.0 0.0 0.0 0.0 0.0 0.0 0.0
012100120 0.0 0.0 0.0 0.0 1.0 0.0 0.0 0.0 0.0
012100021 1.0 0.0 0.0 0.0 0.0 0.0 0.0 0.0 0.0
012110002 1.0 0.0 0.0 0.0 0.0 0.0 0.0 0.0 0.0
012101002 1.0 0.0 0.0 0.0 0.0 0.0 0.0 0.0 0.0
012100102 0.0 0.0 0.0 0.0 0.0 0.0 0.0 1.0 0.0
012100012 1.0 0.0 0.0 0.0 0.0 0.0 0.0 0.0 0.0
012010000 1.0 0.0 0.0 0.0 0.0 0.0 0.0 0.0 0.0
012211000 1.0 0.0 0.0 0.0 0.0 0.0 0.0 0.0 0.0
012211201 1.0 0.0 0.0 0.0 0.0 0.0 0.0 0.0 0.0
012211120 1.0 0.0 0.0 0.0 0.0 0.0 0.0 0.0 0.0
012211021 1.0 0.0 0.0 0.0 0.0 0.0 0.0 0.0 0.0
012211102 1.0 0.0 0.0 0.0 0.0 0.0 0.0 0.0 0.0
012210100 1.0 0.0 0.0 0.0 0.0 0.0 0.0 0.0 0.0
012212101 1.0 0.0 0.0 0.0 0.0 0.0 0.0 0.0 0.0
012210121 1.0 0.0 0.0 0.0 0.0 0.0 0.0 0.0 0.0
012210001 0.0 0.0 0.0 0.0 0.0 1.0 0.0 0.0 0.0
012012100 1.0 0.0 0.0 0.0 0.0 0.0 0.0 0.0 0.0
012012121 1.0 0.0 0.0 0.0 0.0 0.0 0.0 0.0 0.0
012012001 0.0 0.0 0.0 1.0 0.0 0.0 0.0 0.0 0.0
012011200 1.0 0.0 0.0 0.0 0.0 0.0 0.0 0.0 0.0
012011221 1.0 0.0 0.0 0.0 0.0 0.0 0.0 0.0 0.0
012010201 0.0 0.0 0.0 0.0 0.0 1.0 0.0 0.0 0.0
012011020 1.0 0.0 0.0 0.0 0.0 0.0 0.0 0.0 0.0
012011122 1.0 0.0 0.0 0.0 0.0 0.0 0.0 0.0 0.0
012010120 1.0 0.0 0.0 0.0 0.0 0.0 0.0 0.0 0.0
012010021 0.0 0.0 0.0 1.0 0.0 0.0 0.0 0.0 0.0
012011002 1.0 0.0 0.0 0.0 0.0 0.0 0.0 0.0 0.0
012010102 1.0 0.0 0.0 0.0 0.0 0.0 0.0 0.0 0.0
012001000 1.0 0.0 0.0 0.0 0.0 0.0 0.0 0.0 0.0
012201100 1.0 0.0 0.0 0.0 0.0 0.0 0.0 0.0 0.0
012221110 1.0 0.0 0.0 0.0 0.0 0.0 0.0 0.0 0.0
012221101 1.0 0.0 0.0 0.0 0.0 0.0 0.0 0.0 0.0
012201121 1.0 0.0 0.0 0.0 0.0 0.0 0.0 0.0 0.0
012201112 1.0 0.0 0.0 0.0 0.0 0.0 0.0 0.0 0.0
012201010 1.0 0.0 0.0 0.0 0.0 0.0 0.0 0.0 0.0
012221011 1.0 0.0 0.0 0.0 0.0 0.0 0.0 0.0 0.0
012201211 1.0 0.0 0.0 0.0 0.0 0.0 0.0 0.0 0.0
012201001 1.0 0.0 0.0 0.0 0.0 0.0 0.0 0.0 0.0
012021100 1.0 0.0 0.0 0.0 0.0 0.0 0.0 0.0 0.0
012021121 1.0 0.0 0.0 0.0 0.0 0.0 0.0 0.0 0.0
012021112 1.0 0.0 0.0 0.0 0.0 0.0 0.0 0.0 0.0
012021010 1.0 0.0 0.0 0.0 0.0 0.0 0.0 0.0 0.0
012021001 1.0 0.0 0.0 0.0 0.0 0.0 0.0 0.0 0.0
012001210 1.0 0.0 0.0 0.0 0.0 0.0 0.0 0.0 0.0
012001201 1.0 0.0 0.0 0.0 0.0 0.0 0.0 0.0 0.0
012001120 1.0 0.0 0.0 0.0 0.0 0.0 0.0 0.0 0.0
012001021 1.0 0.0 0.0 0.0 0.0 0.0 0.0 0.0 0.0
012001102 1.0 0.0 0.0 0.0 0.0 0.0 0.0 0.0 0.0
012001012 1.0 0.0 0.0 0.0 0.0 0.0 0.0 0.0 0.0
012000100 1.0 0.0 0.0 0.0 0.0 0.0 0.0 0.0 0.0
012200110 1.0 0.0 0.0 0.0 0.0 0.0 0.0 0.0 0.0
012200101 1.0 0.0 0.0 0.0 0.0 0.0 0.0 0.0 0.0
012020110 1.0 0.0 0.0 0.0 0.0 0.0 0.0 0.0 0.0
012020101 1.0 0.0 0.0 0.0 0.0 0.0 0.0 0.0 0.0
012002110 1.0 0.0 0.0 0.0 0.0 0.0 0.0 0.0 0.0
012002101 1.0 0.0 0.0 0.0 0.0 0.0 0.0 0.0 0.0
012000121 1.0 0.0 0.0 0.0 0.0 0.0 0.0 0.0 0.0
012000112 1.0 0.0 0.0 0.0 0.0 0.0 0.0 0.0 0.0
012000010 1.0 0.0 0.0 0.0 0.0 0.0 0.0 0.0 0.0
012200011 1.0 0.0 0.0 0.0 0.0 0.0 0.0 0.0 0.0
012020011 1.0 0.0 0.0 0.0 0.0 0.0 0.0 0.0 0.0
012002011 1.0 0.0 0.0 0.0 0.0 0.0 0.0 0.0 0.0
012000211 1.0 0.0 0.0 0.0 0.0 0.0 0.0 0.0 0.0
012000001 1.0 0.0 0.0 0.0 0.0 0.0 0.0 0.0 0.0
011200000 0.0 0.0 0.0 0.0 1.0 0.0 0.0 0.0 0.0
011221000 0.0 0.0 0.0 0.0 0.0 0.0 0.0 1.0 0.0
011221210 1.0 0.0 0.0 0.0 0.0 0.0 0.0 0.0 0.0
011221120 1.0 0.0 0.0 0.0 0.0 0.0 0.0 0.0 0.0
011221102 1.0 0.0 0.0 0.0 0.0 0.0 0.0 0.0 0.0
011221012 1.0 0.0 0.0 0.0 0.0 0.0 0.0 0.0 0.0
011220100 0.0 0.0 0.0 0.0 0.0 0.0 0.0 1.0 0.0
011220121 1.0 0.0 0.0 0.0 0.0 0.0 0.0 0.0 0.0
011220112 1.0 0.0 0.0 0.0 0.0 0.0 0.0 0.0 0.0
011220010 1.0 0.0 0.0 0.0 0.0 0.0 0.0 0.0 0.0
011220211 1.0 0.0 0.0 0.0 0.0 0.0 0.0 0.0 0.0
011220001 0.0 0.0 0.0 0.0 0.0 0.0 0.0 1.0 0.0
011212000 0.0 0.0 0.0 0.0 0.0 0.0 0.0 1.0 0.0
011212201 1.0 0.0 0.0 0.0 0.0 0.0 0.0 0.0 0.0
011212021 1.0 0.0 0.0 0.0 0.0 0.0 0.0 0.0 0.0
011202100 0.0 0.0 0.0 0.0 0.0 0.0 0.0 1.0 0.0
011202121 1.0 0.0 0.0 0.0 0.0 0.0 0.0 0.0 0.0
011202112 1.0 0.0 0.0 0.0 0.0 0.0 0.0 0.0 0.0
011202010 0.0 0.0 0.0 0.0 0.0 0.0 0.0 0.0 1.0
011202211 1.0 0.0 0.0 0.0 0.0 0.0 0.0 0.0 0.0
011202001 0.0 0.0 0.0 0.0 0.0 0.0 0.0 1.0 0.0
011210200 1.0 0.0 0.0 0.0 0.0 0.0 0.0 0.0 0.0
011211220 1.0 0.0 0.0 0.0 0.0 0.0 0.0 0.0 0.0
011210221 1.0 0.0 0.0 0.0 0.0 0.0 0.0 0.0 0.0
011211202 1.0 0.0 0.0 0.0 0.0 0.0 0.0 0.0 0.0
011201200 1.0 0.0 0.0 0.0 0.0 0.0 0.0 0.0 0.0
011201212 1.0 0.0 0.0 0.0 0.0 0.0 0.0 0.0 0.0
011200210 1.0 0.0 0.0 0.0 0.0 0.0 0.0 0.0 0.0
011200201 1.0 0.0 0.0 0.0 0.0 0.0 0.0 0.0 0.0
011210020 0.0 0.0 0.0 0.0 0.0 1.0 0.0 0.0 0.0
011211022 1.0 0.0 0.0 0.0 0.0 0.0 0.0 0.0 0.0
011201020 0.0 0.0 0.0 0.0 1.0 0.0 0.0 0.0 0.0
011201122 1.0 0.0 0.0 0.0 0.0 0.0 0.0 0.0 0.0
011200120 0.0 0.0 0.0 0.0 1.0 0.0 0.0 0.0 0.0
011200021 0.0 0.0 0.0 0.0 1.0 0.0 0.0 0.0 0.0
011210002 0.0 0.0 0.0 0.0 0.0 1.0 0.0 0.0 0.0
011201002 0.0 0.0 0.0 0.0 0.0 0.0 0.0 1.0 0.0
011200102 0.0 0.0 0.0 0.0 0.0 1.0 0.0 0.0 0.0
011200012 0.0 0.0 0.0 0.0 0.0 1.0 0.0 0.0 0.0
010210000 1.0 0.0 0.0 0.0 0.0 0.0 0.0 0.0 0.0
010212100 1.0 0.0 0.0 0.0 0.0 0.0 0.0 0.0 0.0
010212121 1.0 0.0 0.0 0.0 0.0 0.0 0.0 0.0 0.0
010212001 0.0 0.0 1.0 0.0 0.0 0.0 0.0 0.0 0.0
010211200 1.0 0.0 0.0 0.0 0.0 0.0 0.0 0.0 0.0
010211221 1.0 0.0 0.0 0.0 0.0 0.0 0.0 0.0 0.0
010210201 1.0 0.0 0.0 0.0 0.0 0.0 0.0 0.0 0.0
010211020 1.0 0.0 0.0 0.0 0.0 0.0 0.0 0.0 0.0
010211122 1.0 0.0 0.0 0.0 0.0 0.0 0.0 0.0 0.0
010210120 1.0 0.0 0.0 0.0 0.0 0.0 0.0 0.0 0.0
010210021 0.0 0.0 1.0 0.0 0.0 0.0 0.0 0.0 0.0
010211002 1.0 0.0 0.0 0.0 0.0 0.0 0.0 0.0 0.0
010210102 1.0 0.0 0.0 0.0 0.0 0.0 0.0 0.0 0.0
010201000 1.0 0.0 0.0 0.0 0.0 0.0 0.0 0.0 0.0
010221100 1.0 0.0 0.0 0.0 0.0 0.0 0.0 0.0 0.0
010221121 1.0 0.0 0.0 0.0 0.0 0.0 0.0 0.0 0.0
010221112 1.0 0.0 0.0 0.0 0.0 0.0 0.0 0.0 0.0
010221010 1.0 0.0 0.0 0.0 0.0 0.0 0.0 0.0 0.0
010221211 1.0 0.0 0.0 0.0 0.0 0.0 0.0 0.0 0.0
010221001 1.0 0.0 0.0 0.0 0.0 0.0 0.0 0.0 0.0
010201210 1.0 0.0 0.0 0.0 0.0 0.0 0.0 0.0 0.0
010201201 1.0 0.0 0.0 0.0 0.0 0.0 0.0 0.0 0.0
010201120 1.0 0.0 0.0 0.0 0.0 0.0 0.0 0.0 0.0
010201021 1.0 0.0 0.0 0.0 0.0 0.0 0.0 0.0 0.0
010201102 1.0 0.0 0.0 0.0 0.0 0.0 0.0 0.0 0.0
010201012 1.0 0.0 0.0 0.0 0.0 0.0 0.0 0.0 0.0
010200100 1.0 0.0 0.0 0.0 0.0 0.0 0.0 0.0 0.0
010220110 1.0 0.0 0.0 0.0 0.0 0.0 0.0 0.0 0.0
010220101 1.0 0.0 0.0 0.0 0.0 0.0 0.0 0.0 0.0
010202110 1.0 0.0 0.0 0.0 0.0 0.0 0.0 0.0 0.0
010202101 1.0 0.0 0.0 0.0 0.0 0.0 0.0 0.0 0.0
010200121 1.0 0.0 0.0 0.0 0.0 0.0 0.0 0.0 0.0
010200112 1.0 0.0 0.0 0.0 0.0 0.0 0.0 0.0 0.0
010200010 1.0 0.0 0.0 0.0 0.0 0.0 0.0 0.0 0.0
010220011 1.0 0.0 0.0 0.0 0.0 0.0 0.0 0.0 0.0
010202011 1.0 0.0 0.0 0.0 0.0 0.0 0.0 0.0 0.0
010200211 1.0 0.0 0.0 0.0 0.0 0.0 0.0 0.0 0.0
010200001 1.0 0.0 0.0 0.0 0.0 0.0 0.0 0.0 0.0
011020000 0.0 0.0 0.0 1.0 0.0 0.0 0.0 0.0 0.0
011122000 0.0 0.0 0.0 0.0 0.0 0.0 1.0 0.0 0.0
011122210 1.0 0.0 0.0 0.0 0.0 0.0 0.0 0.0 0.0
011122201 1.0 0.0 0.0 0.0 0.0 0.0 0.0 0.0 0.0
011122120 1.0 0.0 0.0 0.0 0.0 0.0 0.0 0.0 0.0
011122021 1.0 0.0 0.0 0.0 0.0 0.0 0.0 0.0 0.0
011122102 1.0 0.0 0.0 0.0 0.0 0.0 0.0 0.0 0.0
011122012 1.0 0.0 0.0 0.0 0.0 0.0 0.0 0.0 0.0
011022100 0.0 0.0 0.0 0.0 0.0 0.0 0.0 1.0 0.0
011022121 1.0 0.0 0.0 0.0 0.0 0.0 0.0 0.0 0.0
011022112 1.0 0.0 0.0 0.0 0.0 0.0 0.0 0.0 0.0
011022010 0.0 0.0 0.0 0.0 0.0 0.0 1.0 0.0 0.0
011022211 1.0 0.0 0.0 0.0 0.0 0.0 0.0 0.0 0.0
011022001 0.0 0.0 0.0 0.0 0.0 0.0 1.0 0.0 0.0
011120200 0.0 0.0 0.0 0.0 0.0 1.0 0.0 0.0 0.0
011121220 1.0 0.0 0.0 0.0 0.0 0.0 0.0 0.0 0.0
011120221 1.0 0.0 0.0 0.0 0.0 0.0 0.0 0.0 0.0
011121202 1.0 0.0 0.0 0.0 0.0 0.0 0.0 0.0 0.0
011120212 1.0 0.0 0.0 0.0 0.0 0.0 0.0 0.0 0.0
011021200 0.0 0.0 0.0 0.0 0.0 0.0 0.0 1.0 0.0
011021212 1.0 0.0 0.0 0.0 0.0 0.0 0.0 0.0 0.0
011020210 0.0 0.0 0.0 0.0 0.0 1.0 0.0 0.0 0.0
011020201 0.0 0.0 0.0 0.0 0.0 1.0 0.0 0.0 0.0
011120020 0.0 0.0 0.0 0.0 0.0 1.0 0.0 0.0 0.0
011121022 1.0 0.0 0.0 0.0 0.0 0.0 0.0 0.0 0.0
011120122 1.0 0.0 0.0 0.0 0.0 0.0 0.0 0.0 0.0
011021020 0.0 0.0 0.0 1.0 0.0 0.0 0.0 0.0 0.0
011021122 1.0 0.0 0.0 0.0 0.0 0.0 0.0 0.0 0.0
011020120 0.0 0.0 0.0 1.0 0.0 0.0 0.0 0.0 0.0
011020021 0.0 0.0 0.0 1.0 0.0 0.0 0.0 0.0 0.0
011120002 1.0 0.0 0.0 0.0 0.0 0.0 0.0 0.0 0.0
011021002 1.0 0.0 0.0 0.0 0.0 0.0 0.0 0.0 0.0
011020102 1.0 0.0 0.0 0.0 0.0 0.0 0.0 0.0 0.0
011020012 1.0 0.0 0.0 0.0 0.0 0.0 0.0 0.0 0.0
010120000 1.0 0.0 0.0 0.0 0.0 0.0 0.0 0.0 0.0
010122100 0.0 0.0 1.0 0.0 0.0 0.0 0.0 0.0 0.0
010122121 1.0 0.0 0.0 0.0 0.0 0.0 0.0 0.0 0.0
010122112 1.0 0.0 0.0 0.0 0.0 0.0 0.0 0.0 0.0
010122010 1.0 0.0 0.0 0.0 0.0 0.0 0.0 0.0 0.0
010122211 1.0 0.0 0.0 0.0 0.0 0.0 0.0 0.0 0.0
010122001 1.0 0.0 0.0 0.0 0.0 0.0 0.0 0.0 0.0
010121200 1.0 0.0 0.0 0.0 0.0 0.0 0.0 0.0 0.0
010121221 1.0 0.0 0.0 0.0 0.0 0.0 0.0 0.0 0.0
010121212 1.0 0.0 0.0 0.0 0.0 0.0 0.0 0.0 0.0
010120210 1.0 0.0 0.0 0.0 0.0 0.0 0.0 0.0 0.0
010120201 1.0 0.0 0.0 0.0 0.0 0.0 0.0 0.0 0.0
010121020 1.0 0.0 0.0 0.0 0.0 0.0 0.0 0.0 0.0
010121122 1.0 0.0 0.0 0.0 0.0 0.0 0.0 0.0 0.0
010120120 0.0 0.0 1.0 0.0 0.0 0.0 0.0 0.0 0.0
010120021 1.0 0.0 0.0 0.0 0.0 0.0 0.0 0.0 0.0
010121002 1.0 0.0 0.0 0.0 0.0 0.0 0.0 0.0 0.0
010120102 1.0 0.0 0.0 0.0 0.0 0.0 0.0 0.0 0.0
010120012 1.0 0.0 0.0 0.0 0.0 0.0 0.0 0.0 0.0
010021000 1.0 0.0 0.0 0.0 0.0 0.0 0.0 0.0 0.0
010021210 1.0 0.0 0.0 0.0 0.0 0.0 0.0 0.0 0.0
010021201 1.0 0.0 0.0 0.0 0.0 0.0 0.0 0.0 0.0
010021120 1.0 0.0 0.0 0.0 0.0 0.0 0.0 0.0 0.0
010021021 1.0 0.0 0.0 0.0 0.0 0.0 0.0 0.0 0.0
010021102 1.0 0.0 0.0 0.0 0.0 0.0 0.0 0.0 0.0
010021012 1.0 0.0 0.0 0.0 0.0 0.0 0.0 0.0 0.0
010020100 1.0 0.0 0.0 0.0 0.0 0.0 0.0 0.0 0.0
010022110 1.0 0.0 0.0 0.0 0.0 0.0 0.0 0.0 0.0
010022101 1.0 0.0 0.0 0.0 0.0 0.0 0.0 0.0 0.0
010020121 1.0 0.0 0.0 0.0 0.0 0.0 0.0 0.0 0.0
010020112 1.0 0.0 0.0 0.0 0.0 0.0 0.0 0.0 0.0
010020010 1.0 0.0 0.0 0.0 0.0 0.0 0.0 0.0 0.0
010022011 1.0 0.0 0.0 0.0 0.0 0.0 0.0 0.0 0.0
010020211 1.0 0.0 0.0 0.0 0.0 0.0 0.0 0.0 0.0
010020001 1.0 0.0 0.0 0.0 0.0 0.0 0.0 0.0 0.0
011002000 0.0 0.0 0.0 1.0 0.0 0.0 0.0 0.0 0.0
011102200 0.0 0.0 0.0 0.0 1.0 0.0 0.0 0.0 0.0
011112220 1.0 0.0 0.0 0.0 0.0 0.0 0.0 0.0 0.0
011102221 1.0 0.0 0.0 0.0 0.0 0.0 0.0 0.0 0.0
011112202 1.0 0.0 0.0 0.0 0.0 0.0 0.0 0.0 0.0
011102212 1.0 0.0 0.0 0.0 0.0 0.0 0.0 0.0 0.0
011012200 0.0 0.0 0.0 0.0 0.0 0.0 0.0 1.0 0.0
011012221 1.0 0.0 0.0 0.0 0.0 0.0 0.0 0.0 0.0
011002210 0.0 0.0 0.0 0.0 1.0 0.0 0.0 0.0 0.0
011002201 0.0 0.0 0.0 0.0 1.0 0.0 0.0 0.0 0.0
011102020 0.0 0.0 0.0 0.0 1.0 0.0 0.0 0.0 0.0
011112022 1.0 0.0 0.0 0.0 0.0 0.0 0.0 0.0 0.0
011102122 1.0 0.0 0.0 0.0 0.0 0.0 0.0 0.0 0.0
011012020 0.0 0.0 0.0 1.0 0.0 0.0 0.0 0.0 0.0
011002120 0.0 0.0 0.0 1.0 0.0 0.0 0.0 0.0 0.0
011002021 0.0 0.0 0.0 1.0 0.0 0.0 0.0 0.0 0.0
011102002 0.0 0.0 0.0 0.0 0.0 0.0 1.0 0.0 0.0
011012002 0.0 0.0 0.0 1.0 0.0 0.0 0.0 0.0 0.0
011002102 0.0 0.0 0.0 1.0 0.0 0.0 0.0 0.0 0.0
011002012 0.0 0.0 0.0 1.0 0.0 0.0 0.0 0.0 0.0
010102000 1.0 0.0 0.0 0.0 0.0 0.0 0.0 0.0 0.0
010112200 1.0 0.0 0.0 0.0 0.0 0.0 0.0 0.0 0.0
010112221 1.0 0.0 0.0 0.0 0.0 0.0 0.0 0.0 0.0
010102210 1.0 0.0 0.0 0.0 0.0 0.0 0.0 0.0 0.0
010102201 1.0 0.0 0.0 0.0 0.0 0.0 0.0 0.0 0.0
010112020 1.0 0.0 0.0 0.0 0.0 0.0 0.0 0.0 0.0
010112122 1.0 0.0 0.0 0.0 0.0 0.0 0.0 0.0 0.0
010102120 0.0 0.0 1.0 0.0 0.0 0.0 0.0 0.0 0.0
010102021 1.0 0.0 0.0 0.0 0.0 0.0 0.0 0.0 0.0
010112002 1.0 0.0 0.0 0.0 0.0 0.0 0.0 0.0 0.0
010102102 0.0 0.0 0.0 0.0 0.0 0.0 0.0 1.0 0.0
010102012 1.0 0.0 0.0 0.0 0.0 0.0 0.0 0.0 0.0
010012000 1.0 0.0 0.0 0.0 0.0 0.0 0.0 0.0 0.0
010012201 0.0 0.0 1.0 0.0 0.0 0.0 0.0 0.0 0.0
010012120 1.0 0.0 0.0 0.0 0.0 0.0 0.0 0.0 0.0
010012021 0.0 0.0 1.0 0.0 0.0 0.0 0.0 0.0 0.0
010012102 1.0 0.0 0.0 0.0 0.0 0.0 0.0 0.0 0.0
010002100 1.0 0.0 0.0 0.0 0.0 0.0 0.0 0.0 0.0
010002121 1.0 0.0 0.0 0.0 0.0 0.0 0.0 0.0 0.0
010002112 1.0 0.0 0.0 0.0 0.0 0.0 0.0 0.0 0.0
010002010 1.0 0.0 0.0 0.0 0.0 0.0 0.0 0.0 0.0
010002211 1.0 0.0 0.0 0.0 0.0 0.0 0.0 0.0 0.0
010002001 1.0 0.0 0.0 0.0 0.0 0.0 0.0 0.0 0.0
011000200 0.0 0.0 0.0 0.0 1.0 0.0 0.0 0.0 0.0
011100220 0.0 0.0 0.0 0.0 1.0 0.0 0.0 0.0 0.0
011010220 0.0 0.0 0.0 0.0 0.0 1.0 0.0 0.0 0.0
011001220 0.0 0.0 0.0 0.0 1.0 0.0 0.0 0.0 0.0
011000221 0.0 0.0 0.0 0.0 1.0 0.0 0.0 0.0 0.0
011100202 0.0 0.0 0.0 0.0 0.0 1.0 0.0 0.0 0.0
011010202 0.0 0.0 0.0 0.0 0.0 1.0 0.0 0.0 0.0
011001202 1.0 0.0 0.0 0.0 0.0 0.0 0.0 0.0 0.0
011000212 0.0 0.0 0.0 0.0 0.0 1.0 0.0 0.0 0.0
010100200 1.0 0.0 0.0 0.0 0.0 0.0 0.0 0.0 0.0
010110220 1.0 0.0 0.0 0.0 0.0 0.0 0.0 0.0 0.0
010101220 1.0 0.0 0.0 0.0 0.0 0.0 0.0 0.0 0.0
010100221 1.0 0.0 0.0 0.0 0.0 0.0 0.0 0.0 0.0
010110202 1.0 0.0 0.0 0.0 0.0 0.0 0.0 0.0 0.0
010101202 1.0 0.0 0.0 0.0 0.0 0.0 0.0 0.0 0.0
010100212 1.0 0.0 0.0 0.0 0.0 0.0 0.0 0.0 0.0
010010200 1.0 0.0 0.0 0.0 0.0 0.0 0.0 0.0 0.0
010011220 1.0 0.0 0.0 0.0 0.0 0.0 0.0 0.0 0.0
010010221 0.0 0.0 1.0 0.0 0.0 0.0 0.0 0.0 0.0
010011202 1.0 0.0 0.0 0.0 0.0 0.0 0.0 0.0 0.0
010001200 1.0 0.0 0.0 0.0 0.0 0.0 0.0 0.0 0.0
010001221 1.0 0.0 0.0 0.0 0.0 0.0 0.0 0.0 0.0
010001212 1.0 0.0 0.0 0.0 0.0 0.0 0.0 0.0 0.0
010000210 1.0 0.0 0.0 0.0 0.0 0.0 0.0 0.0 0.0
010000201 1.0 0.0 0.0 0.0 0.0 0.0 0.0 0.0 0.0
011000020 0.0 0.0 0.0 1.0 0.0 0.0 0.0 0.0 0.0
011100022 0.0 0.0 0.0 0.0 0.0 1.0 0.0 0.0 0.0
011010022 0.0 0.0 0.0 1.0 0.0 0.0 0.0 0.0 0.0
011001022 0.0 0.0 0.0 1.0 0.0 0.0 0.0 0.0 0.0
011000122 0.0 0.0 0.0 1.0 0.0 0.0 0.0 0.0 0.0
010100020 1.0 0.0 0.0 0.0 0.0 0.0 0.0 0.0 0.0
010110022 1.0 0.0 0.0 0.0 0.0 0.0 0.0 0.0 0.0
010101022 1.0 0.0 0.0 0.0 0.0 0.0 0.0 0.0 0.0
010100122 0.0 0.0 1.0 0.0 0.0 0.0 0.0 0.0 0.0
010010020 1.0 0.0 0.0 0.0 0.0 0.0 0.0 0.0 0.0
010011022 1.0 0.0 0.0 0.0 0.0 0.0 0.0 0.0 0.0
010010122 1.0 0.0 0.0 0.0 0.0 0.0 0.0 0.0 0.0
010001020 1.0 0.0 0.0 0.0 0.0 0.0 0.0 0.0 0.0
010001122 1.0 0.0 0.0 0.0 0.0 0.0 0.0 0.0 0.0
010000120 1.0 0.0 0.0 0.0 0.0 0.0 0.0 0.0 0.0
010000021 1.0 0.0 0.0 0.0 0.0 0.0 0.0 0.0 0.0
011000002 0.0 0.0 0.0 1.0 0.0 0.0 0.0 0.0 0.0
010100002 1.0 0.0 0.0 0.0 0.0 0.0 0.0 0.0 0.0
010010002 1.0 0.0 0.0 0.0 0.0 0.0 0.0 0.0 0.0
010001002 1.0 0.0 0.0 0.0 0.0 0.0 0.0 0.0 0.0
010000102 1.0 0.0 0.0 0.0 0.0 0.0 0.0 0.0 0.0
010000012 1.0 0.0 0.0 0.0 0.0 0.0 0.0 0.0 0.0
001000000 1.0 0.0 0.0 0.0 0.0 0.0 0.0 0.0 0.0
201100000 1.0 0.0 0.0 0.0 0.0 0.0 0.0 0.0 0.0
221110000 1.0 0.0 0.0 0.0 0.0 0.0 0.0 0.0 0.0
221112010 1.0 0.0 0.0 0.0 0.0 0.0 0.0 0.0 0.0
221112001 1.0 0.0 0.0 0.0 0.0 0.0 0.0 0.0 0.0
221110210 1.0 0.0 0.0 0.0 0.0 0.0 0.0 0.0 0.0
221110201 1.0 0.0 0.0 0.0 0.0 0.0 0.0 0.0 0.0
221110021 1.0 0.0 0.0 0.0 0.0 0.0 0.0 0.0 0.0
221110012 1.0 0.0 0.0 0.0 0.0 0.0 0.0 0.0 0.0
221101000 1.0 0.0 0.0 0.0 0.0 0.0 0.0 0.0 0.0
221121100 1.0 0.0 0.0 0.0 0.0 0.0 0.0 0.0 0.0
221121010 1.0 0.0 0.0 0.0 0.0 0.0 0.0 0.0 0.0
221101210 1.0 0.0 0.0 0.0 0.0 0.0 0.0 0.0 0.0
221101120 1.0 0.0 0.0 0.0 0.0 0.0 0.0 0.0 0.0
221101102 1.0 0.0 0.0 0.0 0.0 0.0 0.0 0.0 0.0
221101012 1.0 0.0 0.0 0.0 0.0 0.0 0.0 0.0 0.0
221100100 1.0 0.0 0.0 0.0 0.0 0.0 0.0 0.0 0.0
221120110 1.0 0.0 0.0 0.0 0.0 0.0 0.0 0.0 0.0
221120101 1.0 0.0 0.0 0.0 0.0 0.0 0.0 0.0 0.0
221102110 1.0 0.0 0.0 0.0 0.0 0.0 0.0 0.0 0.0
221102101 1.0 0.0 0.0 0.0 0.0 0.0 0.0 0.0 0.0
221100121 1.0 0.0 0.0 0.0 0.0 0.0 0.0 0.0 0.0
221100112 1.0 0.0 0.0 0.0 0.0 0.0 0.0 0.0 0.0
221100010 1.0 0.0 0.0 0.0 0.0 0.0 0.0 0.0 0.0
221120011 1.0 0.0 0.0 0.0 0.0 0.0 0.0 0.0 0.0
221102011 1.0 0.0 0.0 0.0 0.0 0.0 0.0 0.0 0.0
221100211 1.0 0.0 0.0 0.0 0.0 0.0 0.0 0.0 0.0
221100001 1.0 0.0 0.0 0.0 0.0 0.0 0.0 0.0 0.0
201121000 1.0 0.0 0.0 0.0 0.0 0.0 0.0 0.0 0.0
201121210 1.0 0.0 0.0 0.0 0.0 0.0 0.0 0.0 0.0
201121120 1.0 0.0 0.0 0.0 0.0 0.0 0.0 0.0 0.0
201120100 1.0 0.0 0.0 0.0 0.0 0.0 0.0 0.0 0.0
201122110 1.0 0.0 0.0 0.0 0.0 0.0 0.0 0.0 0.0
201122101 1.0 0.0 0.0 0.0 0.0 0.0 0.0 0.0 0.0
201120121 1.0 0.0 0.0 0.0 0.0 0.0 0.0 0.0 0.0
201120010 1.0 0.0 0.0 0.0 0.0 0.0 0.0 0.0 0.0
201122011 1.0 0.0 0.0 0.0 0.0 0.0 0.0 0.0 0.0
201120211 1.0 0.0 0.0 0.0 0.0 0.0 0.0 0.0 0.0
201120001 1.0 0.0 0.0 0.0 0.0 0.0 0.0 0.0 0.0
201112000 1.0 0.0 0.0 0.0 0.0 0.0 0.0 0.0 0.0
201112210 1.0 0.0 0.0 0.0 0.0 0.0 0.0 0.0 0.0
201112201 1.0 0.0 0.0 0.0 0.0 0.0 0.0 0.0 0.0
201112021 1.0 0.0 0.0 0.0 0.0 0.0 0.0 0.0 0.0
201112012 1.0 0.0 0.0 0.0 0.0 0.0 0.0 0.0 0.0
201102100 1.0 0.0 0.0 0.0 0.0 0.0 0.0 0.0 0.0
201102121 1.0 0.0 0.0 0.0 0.0 0.0 0.0 0.0 0.0
201102112 1.0 0.0 0.0 0.0 0.0 0.0 0.0 0.0 0.0
201102010 1.0 0.0 0.0 0.0 0.0 0.0 0.0 0.0 0.0
201102211 1.0 0.0 0.0 0.0 0.0 0.0 0.0 0.0 0.0
201102001 1.0 0.0 0.0 0.0 0.0 0.0 0.0 0.0 0.0
201110200 1.0 0.0 0.0 0.0 0.0 0.0 0.0 0.0 0.0
201110221 1.0 0.0 0.0 0.0 0.0 0.0 0.0 0.0 0.0
201110212 1.0 0.0 0.0 0.0 0.0 0.0 0.0 0.0 0.0
201101200 1.0 0.0 0.0 0.0 0.0 0.0 0.0 0.0 0.0
201101212 1.0 0.0 0.0 0.0 0.0 0.0 0.0 0.0 0.0
201100210 1.0 0.0 0.0 0.0 0.0 0.0 0.0 0.0 0.0
201100201 1.0 0.0 0.0 0.0 0.0 0.0 0.0 0.0 0.0
201110020 1.0 0.0 0.0 0.0 0.0 0.0 0.0 0.0 0.0
201101020 1.0 0.0 0.0 0.0 0.0 0.0 0.0 0.0 0.0
201101122 1.0 0.0 0.0 0.0 0.0 0.0 0.0 0.0 0.0
201100120 1.0 0.0 0.0 0.0 0.0 0.0 0.0 0.0 0.0
201100021 1.0 0.0 0.0 0.0 0.0 0.0 0.0 0.0 0.0
201110002 1.0 0.0 0.0 0.0 0.0 0.0 0.0 0.0 0.0
201101002 1.0 0.0 0.0 0.0 0.0 0.0 0.0 0.0 0.0
201100102 1.0 0.0 0.0 0.0 0.0 0.0 0.0 0.0 0.0
201100012 1.0 0.0 0.0 0.0 0.0 0.0 0.0 0.0 0.0
201010000 1.0 0.0 0.0 0.0 0.0 0.0 0.0 0.0 0.0
221011000 1.0 0.0 0.0 0.0 0.0 0.0 0.0 0.0 0.0
221211010 1.0 0.0 0.0 0.0 0.0 0.0 0.0 0.0 0.0
221011210 1.0 0.0 0.0 0.0 0.0 0.0 0.0 0.0 0.0
221011012 1.0 0.0 0.0 0.0 0.0 0.0 0.0 0.0 0.0
221010010 1.0 0.0 0.0 0.0 0.0 0.0 0.0 0.0 0.0
221210011 1.0 0.0 0.0 0.0 0.0 0.0 0.0 0.0 0.0
221012011 1.0 0.0 0.0 0.0 0.0 0.0 0.0 0.0 0.0
221010211 1.0 0.0 0.0 0.0 0.0 0.0 0.0 0.0 0.0
221010001 1.0 0.0 0.0 0.0 0.0 0.0 0.0 0.0 0.0
201211000 1.0 0.0 0.0 0.0 0.0 0.0 0.0 0.0 0.0
201211012 1.0 0.0 0.0 0.0 0.0 0.0 0.0 0.0 0.0
201210010 1.0 0.0 0.0 0.0 0.0 0.0 0.0 0.0 0.0
201212011 1.0 0.0 0.0 0.0 0.0 0.0 0.0 0.0 0.0
201210001 1.0 0.0 0.0 0.0 0.0 0.0 0.0 0.0 0.0
201012010 1.0 0.0 0.0 0.0 0.0 0.0 0.0 0.0 0.0
201012211 1.0 0.0 0.0 0.0 0.0 0.0 0.0 0.0 0.0
201012001 1.0 0.0 0.0 0.0 0.0 0.0 0.0 0.0 0.0
201011200 1.0 0.0 0.0 0.0 0.0 0.0 0.0 0.0 0.0
201011212 1.0 0.0 0.0 0.0 0.0 0.0 0.0 0.0 0.0
201010210 1.0 0.0 0.0 0.0 0.0 0.0 0.0 0.0 0.0
201010201 1.0 0.0 0.0 0.0 0.0 0.0 0.0 0.0 0.0
201011020 1.0 0.0 0.0 0.0 0.0 0.0 0.0 0.0 0.0
201010021 1.0 0.0 0.0 0.0 0.0 0.0 0.0 0.0 0.0
201011002 1.0 0.0 0.0 0.0 0.0 0.0 0.0 0.0 0.0
201010012 1.0 0.0 0.0 0.0 0.0 0.0 0.0 0.0 0.0
201001000 1.0 0.0 0.0 0.0 0.0 0.0 0.0 0.0 0.0
221001100 1.0 0.0 0.0 0.0 0.0 0.0 0.0 0.0 0.0
221201110 1.0 0.0 0.0 0.0 0.0 0.0 0.0 0.0 0.0
221021110 1.0 0.0 0.0 0.0 0.0 0.0 0.0 0.0 0.0
221001112 1.0 0.0 0.0 0.0 0.0 0.0 0.0 0.0 0.0
221001010 1.0 0.0 0.0 0.0 0.0 0.0 0.0 0.0 0.0
201201100 1.0 0.0 0.0 0.0 0.0 0.0 0.0 0.0 0.0
201221110 1.0 0.0 0.0 0.0 0.0 0.0 0.0 0.0 0.0
201201112 1.0 0.0 0.0 0.0 0.0 0.0 0.0 0.0 0.0
201201010 1.0 0.0 0.0 0.0 0.0 0.0 0.0 0.0 0.0
201021100 1.0 0.0 0.0 0.0 0.0 0.0 0.0 0.0 0.0
201021010 1.0 0.0 0.0 0.0 0.0 0.0 0.0 0.0 0.0
201001210 1.0 0.0 0.0 0.0 0.0 0.0 0.0 0.0 0.0
201001120 1.0 0.0 0.0 0.0 0.0 0.0 0.0 0.0 0.0
201001102 1.0 0.0 0.0 0.0 0.0 0.0 0.0 0.0 0.0
201001012 1.0 0.0 0.0 0.0 0.0 0.0 0.0 0.0 0.0
201000100 1.0 0.0 0.0 0.0 0.0 0.0 0.0 0.0 0.0
221000110 1.0 0.0 0.0 0.0 0.0 0.0 0.0 0.0 0.0
221000101 1.0 0.0 0.0 0.0 0.0 0.0 0.0 0.0 0.0
201200110 1.0 0.0 0.0 0.0 0.0 0.0 0.0 0.0 0.0
201200101 1.0 0.0 0.0 0.0 0.0 0.0 0.0 0.0 0.0
201020110 1.0 0.0 0.0 0.0 0.0 0.0 0.0 0.0 0.0
201020101 1.0 0.0 0.0 0.0 0.0 0.0 0.0 0.0 0.0
201002110 1.0 0.0 0.0 0.0 0.0 0.0 0.0 0.0 0.0
201002101 1.0 0.0 0.0 0.0 0.0 0.0 0.0 0.0 0.0
201000121 1.0 0.0 0.0 0.0 0.0 0.0 0.0 0.0 0.0
201000112 1.0 0.0 0.0 0.0 0.0 0.0 0.0 0.0 0.0
201000010 1.0 0.0 0.0 0.0 0.0 0.0 0.0 0.0 0.0
221000011 1.0 0.0 0.0 0.0 0.0 0.0 0.0 0.0 0.0
201200011 1.0 0.0 0.0 0.0 0.0 0.0 0.0 0.0 0.0
201020011 1.0 0.0 0.0 0.0 0.0 0.0 0.0 0.0 0.0
201002011 1.0 0.0 0.0 0.0 0.0 0.0 0.0 0.0 0.0
201000211 1.0 0.0 0.0 0.0 0.0 0.0 0.0 0.0 0.0
201000001 1.0 0.0 0.0 0.0 0.0 0.0 0.0 0.0 0.0
021100000 1.0 0.0 0.0 0.0 0.0 0.0 0.0 0.0 0.0
021121000 1.0 0.0 0.0 0.0 0.0 0.0 0.0 0.0 0.0
021121210 1.0 0.0 0.0 0.0 0.0 0.0 0.0 0.0 0.0
021121102 1.0 0.0 0.0 0.0 0.0 0.0 0.0 0.0 0.0
021121012 1.0 0.0 0.0 0.0 0.0 0.0 0.0 0.0 0.0
021120100 0.0 0.0 0.0 0.0 0.0 1.0 0.0 0.0 0.0
021122110 1.0 0.0 0.0 0.0 0.0 0.0 0.0 0.0 0.0
021122101 1.0 0.0 0.0 0.0 0.0 0.0 0.0 0.0 0.0
021120112 1.0 0.0 0.0 0.0 0.0 0.0 0.0 0.0 0.0
021120010 1.0 0.0 0.0 0.0 0.0 0.0 0.0 0.0 0.0
021122011 1.0 0.0 0.0 0.0 0.0 0.0 0.0 0.0 0.0
021120211 1.0 0.0 0.0 0.0 0.0 0.0 0.0 0.0 0.0
021120001 1.0 0.0 0.0 0.0 0.0 0.0 0.0 0.0 0.0
021112000 1.0 0.0 0.0 0.0 0.0 0.0 0.0 0.0 0.0
021112210 1.0 0.0 0.0 0.0 0.0 0.0 0.0 0.0 0.0
021112201 1.0 0.0 0.0 0.0 0.0 0.0 0.0 0.0 0.0
021112021 1.0 0.0 0.0 0.0 0.0 0.0 0.0 0.0 0.0
021112012 1.0 0.0 0.0 0.0 0.0 0.0 0.0 0.0 0.0
021102100 0.0 0.0 0.0 0.0 1.0 0.0 0.0 0.0 0.0
021102121 1.0 0.0 0.0 0.0 0.0 0.0 0.0 0.0 0.0
021102112 1.0 0.0 0.0 0.0 0.0 0.0 0.0 0.0 0.0
021102010 1.0 0.0 0.0 0.0 0.0 0.0 0.0 0.0 0.0
021102211 1.0 0.0 0.0 0.0 0.0 0.0 0.0 0.0 0.0
021102001 1.0 0.0 0.0 0.0 0.0 0.0 0.0 0.0 0.0
021110200 1.0 0.0 0.0 0.0 0.0 0.0 0.0 0.0 0.0
021110221 1.0 0.0 0.0 0.0 0.0 0.0 0.0 0.0 0.0
021110212 1.0 0.0 0.0 0.0 0.0 0.0 0.0 0.0 0.0
021101200 1.0 0.0 0.0 0.0 0.0 0.0 0.0 0.0 0.0
021101212 1.0 0.0 0.0 0.0 0.0 0.0 0.0 0.0 0.0
021100210 1.0 0.0 0.0 0.0 0.0 0.0 0.0 0.0 0.0
021100201 1.0 0.0 0.0 0.0 0.0 0.0 0.0 0.0 0.0
021110020 1.0 0.0 0.0 0.0 0.0 0.0 0.0 0.0 0.0
021101020 1.0 0.0 0.0 0.0 0.0 0.0 0.0 0.0 0.0
021101122 1.0 0.0 0.0 0.0 0.0 0.0 0.0 0.0 0.0
021100120 0.0 0.0 0.0 0.0 0.0 1.0 0.0 0.0 0.0
021100021 1.0 0.0 0.0 0.0 0.0 0.0 0.0 0.0 0.0
021110002 1.0 0.0 0.0 0.0 0.0 0.0 0.0 0.0 0.0
021101002 1.0 0.0 0.0 0.0 0.0 0.0 0.0 0.0 0.0
021100102 0.0 0.0 0.0 0.0 0.0 1.0 0.0 0.0 0.0
021100012 1.0 0.0 0.0 0.0 0.0 0.0 0.0 0.0 0.0
021010000 1.0 0.0 0.0 0.0 0.0 0.0 0.0 0.0 0.0
021211000 1.0 0.0 0.0 0.0 0.0 0.0 0.0 0.0 0.0
021211210 1.0 0.0 0.0 0.0 0.0 0.0 0.0 0.0 0.0
021211012 1.0 0.0 0.0 0.0 0.0 0.0 0.0 0.0 0.0
021210010 1.0 0.0 0.0 0.0 0.0 0.0 0.0 0.0 0.0
021212011 1.0 0.0 0.0 0.0 0.0 0.0 0.0 0.0 0.0
021210211 1.0 0.0 0.0 0.0 0.0 0.0 0.0 0.0 0.0
021210001 0.0 0.0 0.0 0.0 0.0 1.0 0.0 0.0 0.0
021012010 1.0 0.0 0.0 0.0 0.0 0.0 0.0 0.0 0.0
021012211 1.0 0.0 0.0 0.0 0.0 0.0 0.0 0.0 0.0
021012001 0.0 0.0 0.0 1.0 0.0 0.0 0.0 0.0 0.0
021011200 1.0 0.0 0.0 0.0 0.0 0.0 0.0 0.0 0.0
021011212 1.0 0.0 0.0 0.0 0.0 0.0 0.0 0.0 0.0
021010210 1.0 0.0 0.0 0.0 0.0 0.0 0.0 0.0 0.0
021010201 0.0 0.0 0.0 0.0 0.0 1.0 0.0 0.0 0.0
021011020 1.0 0.0 0.0 0.0 0.0 0.0 0.0 0.0 0.0
021010021 0.0 0.0 0.0 1.0 0.0 0.0 0.0 0.0 0.0
021011002 1.0 0.0 0.0 0.0 0.0 0.0 0.0 0.0 0.0
021010012 1.0 0.0 0.0 0.0 0.0 0.0 0.0 0.0 0.0
021001000 1.0 0.0 0.0 0.0 0.0 0.0 0.0 0.0 0.0
021201100 1.0 0.0 0.0 0.0 0.0 0.0 0.0 0.0 0.0
021221110 1.0 0.0 0.0 0.0 0.0 0.0 0.0 0.0 0.0
021201112 1.0 0.0 0.0 0.0 0.0 0.0 0.0 0.0 0.0
021201010 1.0 0.0 0.0 0.0 0.0 0.0 0.0 0.0 0.0
021021100 1.0 0.0 0.0 0.0 0.0 0.0 0.0 0.0 0.0
021021112 1.0 0.0 0.0 0.0 0.0 0.0 0.0 0.0 0.0
021021010 1.0 0.0 0.0 0.0 0.0 0.0 0.0 0.0 0.0
021001210 1.0 0.0 0.0 0.0 0.0 0.0 0.0 0.0 0.0
021001120 1.0 0.0 0.0 0.0 0.0 0.0 0.0 0.0 0.0
021001102 1.0 0.0 0.0 0.0 0.0 0.0 0.0 0.0 0.0
021001012 1.0 0.0 0.0 0.0 0.0 0.0 0.0 0.0 0.0
021000100 1.0 0.0 0.0 0.0 0.0 0.0 0.0 0.0 0.0
021200110 1.0 0.0 0.0 0.0 0.0 0.0 0.0 0.0 0.0
021200101 1.0 0.0 0.0 0.0 0.0 0.0 0.0 0.0 0.0
021020110 1.0 0.0 0.0 0.0 0.0 0.0 0.0 0.0 0.0
021020101 1.0 0.0 0.0 0.0 0.0 0.0 0.0 0.0 0.0
021002110 1.0 0.0 0.0 0.0 0.0 0.0 0.0 0.0 0.0
021002101 1.0 0.0 0.0 0.0 0.0 0.0 0.0 0.0 0.0
021000121 1.0 0.0 0.0 0.0 0.0 0.0 0.0 0.0 0.0
021000112 1.0 0.0 0.0 0.0 0.0 0.0 0.0 0.0 0.0
021000010 1.0 0.0 0.0 0.0 0.0 0.0 0.0 0.0 0.0
021200011 1.0 0.0 0.0 0.0 0.0 0.0 0.0 0.0 0.0
021020011 1.0 0.0 0.0 0.0 0.0 0.0 0.0 0.0 0.0
021002011 1.0 0.0 0.0 0.0 0.0 0.0 0.0 0.0 0.0
021000211 1.0 0.0 0.0 0.0 0.0 0.0 0.0 0.0 0.0
021000001 1.0 0.0 0.0 0.0 0.0 0.0 0.0 0.0 0.0
001210000 1.0 0.0 0.0 0.0 0.0 0.0 0.0 0.0 0.0
001212010 1.0 0.0 0.0 0.0 0.0 0.0 0.0 0.0 0.0
001212211 1.0 0.0 0.0 0.0 0.0 0.0 0.0 0.0 0.0
001212001 0.0 1.0 0.0 0.0 0.0 0.0 0.0 0.0 0.0
001211200 1.0 0.0 0.0 0.0 0.0 0.0 0.0 0.0 0.0
001211212 1.0 0.0 0.0 0.0 0.0 0.0 0.0 0.0 0.0
001210210 1.0 0.0 0.0 0.0 0.0 0.0 0.0 0.0 0.0
001210201 1.0 0.0 0.0 0.0 0.0 0.0 0.0 0.0 0.0
001211020 1.0 0.0 0.0 0.0 0.0 0.0 0.0 0.0 0.0
001210021 0.0 1.0 0.0 0.0 0.0 0.0 0.0 0.0 0.0
001211002 1.0 0.0 0.0 0.0 0.0 0.0 0.0 0.0 0.0
001210012 1.0 0.0 0.0 0.0 0.0 0.0 0.0 0.0 0.0
001201000 1.0 0.0 0.0 0.0 0.0 0.0 0.0 0.0 0.0
001221100 1.0 0.0 0.0 0.0 0.0 0.0 0.0 0.0 0.0
001221112 1.0 0.0 0.0 0.0 0.0 0.0 0.0 0.0 0.0
001221010 1.0 0.0 0.0 0.0 0.0 0.0 0.0 0.0 0.0
001201210 1.0 0.0 0.0 0.0 0.0 0.0 0.0 0.0 0.0
001201120 1.0 0.0 0.0 0.0 0.0 0.0 0.0 0.0 0.0
001201102 1.0 0.0 0.0 0.0 0.0 0.0 0.0 0.0 0.0
001201012 1.0 0.0 0.0 0.0 0.0 0.0 0.0 0.0 0.0
001200100 1.0 0.0 0.0 0.0 0.0 0.0 0.0 0.0 0.0
001220110 1.0 0.0 0.0 0.0 0.0 0.0 0.0 0.0 0.0
001220101 1.0 0.0 0.0 0.0 0.0 0.0 0.0 0.0 0.0
001202110 1.0 0.0 0.0 0.0 0.0 0.0 0.0 0.0 0.0
001202101 1.0 0.0 0.0 0.0 0.0 0.0 0.0 0.0 0.0
001200121 1.0 0.0 0.0 0.0 0.0 0.0 0.0 0.0 0.0
001200112 1.0 0.0 0.0 0.0 0.0 0.0 0.0 0.0 0.0
001200010 1.0 0.0 0.0 0.0 0.0 0.0 0.0 0.0 0.0
001220011 1.0 0.0 0.0 0.0 0.0 0.0 0.0 0.0 0.0
001202011 1.0 0.0 0.0 0.0 0.0 0.0 0.0 0.0 0.0
001200211 1.0 0.0 0.0 0.0 0.0 0.0 0.0 0.0 0.0
001200001 1.0 0.0 0.0 0.0 0.0 0.0 0.0 0.0 0.0
001120000 1.0 0.0 0.0 0.0 0.0 0.0 0.0 0.0 0.0
001122100 0.0 1.0 0.0 0.0 0.0 0.0 0.0 0.0 0.0
001122121 1.0 0.0 0.0 0.0 0.0 0.0 0.0 0.0 0.0
001122112 1.0 0.0 0.0 0.0 0.0 0.0 0.0 0.0 0.0
001122010 1.0 0.0 0.0 0.0 0.0 0.0 0.0 0.0 0.0
001122211 1.0 0.0 0.0 0.0 0.0 0.0 0.0 0.0 0.0
001122001 1.0 0.0 0.0 0.0 0.0 0.0 0.0 0.0 0.0
001121200 1.0 0.0 0.0 0.0 0.0 0.0 0.0 0.0 0.0
001121212 1.0 0.0 0.0 0.0 0.0 0.0 0.0 0.0 0.0
001120210 1.0 0.0 0.0 0.0 0.0 0.0 0.0 0.0 0.0
001120201 1.0 0.0 0.0 0.0 0.0 0.0 0.0 0.0 0.0
001121020 1.0 0.0 0.0 0.0 0.0 0.0 0.0 0.0 0.0
001121122 1.0 0.0 0.0 0.0 0.0 0.0 0.0 0.0 0.0
001120120 0.0 0.0 0.0 0.0 0.0 1.0 0.0 0.0 0.0
001120021 1.0 0.0 0.0 0.0 0.0 0.0 0.0 0.0 0.0
001121002 1.0 0.0 0.0 0.0 0.0 0.0 0.0 0.0 0.0
001120102 1.0 0.0 0.0 0.0 0.0 0.0 0.0 0.0 0.0
001120012 1.0 0.0 0.0 0.0 0.0 0.0 0.0 0.0 0.0
001021000 1.0 0.0 0.0 0.0 0.0 0.0 0.0 0.0 0.0
001021210 1.0 0.0 0.0 0.0 0.0 0.0 0.0 0.0 0.0
001021120 1.0 0.0 0.0 0.0 0.0 0.0 0.0 0.0 0.0
001021102 1.0 0.0 0.0 0.0 0.0 0.0 0.0 0.0 0.0
001021012 1.0 0.0 0.0 0.0 0.0 0.0 0.0 0.0 0.0
001020100 1.0 0.0 0.0 0.0 0.0 0.0 0.0 0.0 0.0
001022110 1.0 0.0 0.0 0.0 0.0 0.0 0.0 0.0 0.0
001022101 1.0 0.0 0.0 0.0 0.0 0.0 0.0 0.0 0.0
001020121 1.0 0.0 0.0 0.0 0.0 0.0 0.0 0.0 0.0
001020112 1.0 0.0 0.0 0.0 0.0 0.0 0.0 0.0 0.0
001020010 1.0 0.0 0.0 0.0 0.0 0.0 0.0 0.0 0.0
001022011 1.0 0.0 0.0 0.0 0.0 0.0 0.0 0.0 0.0
001020211 1.0 0.0 0.0 0.0 0.0 0.0 0.0 0.0 0.0
001020001 1.0 0.0 0.0 0.0 0.0 0.0 0.0 0.0 0.0
001102000 1.0 0.0 0.0 0.0 0.0 0.0 0.0 0.0 0.0
001112200 1.0 0.0 0.0 0.0 0.0 0.0 0.0 0.0 0.0
001112221 1.0 0.0 0.0 0.0 0.0 0.0 0.0 0.0 0.0
001112212 1.0 0.0 0.0 0.0 0.0 0.0 0.0 0.0 0.0
001102210 1.0 0.0 0.0 0.0 0.0 0.0 0.0 0.0 0.0
001102201 1.0 0.0 0.0 0.0 0.0 0.0 0.0 0.0 0.0
001112020 1.0 0.0 0.0 0.0 0.0 0.0 0.0 0.0 0.0
001102120 0.0 1.0 0.0 0.0 0.0 0.0 0.0 0.0 0.0
001102021 1.0 0.0 0.0 0.0 0.0 0.0 0.0 0.0 0.0
001112002 1.0 0.0 0.0 0.0 0.0 0.0 0.0 0.0 0.0
001102102 0.0 1.0 0.0 0.0 0.0 0.0 0.0 0.0 0.0
001102012 1.0 0.0 0.0 0.0 0.0 0.0 0.0 0.0 0.0
001012000 1.0 0.0 0.0 0.0 0.0 0.0 0.0 0.0 0.0
001012210 1.0 0.0 0.0 0.0 0.0 0.0 0.0 0.0 0.0
001012201 0.0 1.0 0.0 0.0 0.0 0.0 0.0 0.0 0.0
001012021 0.0 1.0 0.0 0.0 0.0 0.0 0.0 0.0 0.0
001012012 1.0 0.0 0.0 0.0 0.0 0.0 0.0 0.0 0.0
001002100 1.0 0.0 0.0 0.0 0.0 0.0 0.0 0.0 0.0
001002121 1.0 0.0 0.0 0.0 0.0 0.0 0.0 0.0 0.0
001002112 1.0 0.0 0.0 0.0 0.0 0.0 0.0 0.0 0.0
001002010 1.0 0.0 0.0 0.0 0.0 0.0 0.0 0.0 0.0
001002211 1.0 0.0 0.0 0.0 0.0 0.0 0.0 0.0 0.0
001002001 1.0 0.0 0.0 0.0 0.0 0.0 0.0 0.0 0.0
001100200 1.0 0.0 0.0 0.0 0.0 0.0 0.0 0.0 0.0
001110220 1.0 0.0 0.0 0.0 0.0 0.0 0.0 0.0 0.0
001101220 1.0 0.0 0.0 0.0 0.0 0.0 0.0 0.0 0.0
001100221 1.0 0.0 0.0 0.0 0.0 0.0 0.0 0.0 0.0
001110202 1.0 0.0 0.0 0.0 0.0 0.0 0.0 0.0 0.0
001101202 1.0 0.0 0.0 0.0 0.0 0.0 0.0 0.0 0.0
001100212 1.0 0.0 0.0 0.0 0.0 0.0 0.0 0.0 0.0
001010200 1.0 0.0 0.0 0.0 0.0 0.0 0.0 0.0 0.0
001011220 1.0 0.0 0.0 0.0 0.0 0.0 0.0 0.0 0.0
001010221 0.0 1.0 0.0 0.0 0.0 0.0 0.0 0.0 0.0
001011202 1.0 0.0 0.0 0.0 0.0 0.0 0.0 0.0 0.0
001010212 1.0 0.0 0.0 0.0 0.0 0.0 0.0 0.0 0.0
001001200 1.0 0.0 0.0 0.0 0.0 0.0 0.0 0.0 0.0
001001212 1.0 0.0 0.0 0.0 0.0 0.0 0.0 0.0 0.0
001000210 1.0 0.0 0.0 0.0 0.0 0.0 0.0 0.0 0.0
001000201 1.0 0.0 0.0 0.0 0.0 0.0 0.0 0.0 0.0
001100020 1.0 0.0 0.0 0.0 0.0 0.0 0.0 0.0 0.0
001110022 1.0 0.0 0.0 0.0 0.0 0.0 0.0 0.0 0.0
001101022 1.0 0.0 0.0 0.0 0.0 0.0 0.0 0.0 0.0
001100122 0.0 1.0 0.0 0.0 0.0 0.0 0.0 0.0 0.0
001010020 1.0 0.0 0.0 0.0 0.0 0.0 0.0 0.0 0.0
001011022 1.0 0.0 0.0 0.0 0.0 0.0 0.0 0.0 0.0
001001020 1.0 0.0 0.0 0.0 0.0 0.0 0.0 0.0 0.0
001001122 1.0 0.0 0.0 0.0 0.0 0.0 0.0 0.0 0.0
001000120 1.0 0.0 0.0 0.0 0.0 0.0 0.0 0.0 0.0
001000021 1.0 0.0 0.0 0.0 0.0 0.0 0.0 0.0 0.0
001100002 1.0 0.0 0.0 0.0 0.0 0.0 0.0 0.0 0.0
001010002 1.0 0.0 0.0 0.0 0.0 0.0 0.0 0.0 0.0
001001002 1.0 0.0 0.0 0.0 0.0 0.0 0.0 0.0 0.0
001000102 1.0 0.0 0.0 0.0 0.0 0.0 0.0 0.0 0.0
001000012 1.0 0.0 0.0 0.0 0.0 0.0 0.0 0.0 0.0
000100000 1.0 0.0 0.0 0.0 0.0 0.0 0.0 0.0 0.0
200110000 1.0 0.0 0.0 0.0 0.0 0.0 0.0 0.0 0.0
220110100 1.0 0.0 0.0 0.0 0.0 0.0 0.0 0.0 0.0
220112110 1.0 0.0 0.0 0.0 0.0 0.0 0.0 0.0 0.0
220112101 1.0 0.0 0.0 0.0 0.0 0.0 0.0 0.0 0.0
220110121 1.0 0.0 0.0 0.0 0.0 0.0 0.0 0.0 0.0
220110112 1.0 0.0 0.0 0.0 0.0 0.0 0.0 0.0 0.0
220110010 1.0 0.0 0.0 0.0 0.0 0.0 0.0 0.0 0.0
220112011 1.0 0.0 0.0 0.0 0.0 0.0 0.0 0.0 0.0
220110211 1.0 0.0 0.0 0.0 0.0 0.0 0.0 0.0 0.0
220110001 1.0 0.0 0.0 0.0 0.0 0.0 0.0 0.0 0.0
202110100 1.0 0.0 0.0 0.0 0.0 0.0 0.0 0.0 0.0
202112110 1.0 0.0 0.0 0.0 0.0 0.0 0.0 0.0 0.0
202112101 1.0 0.0 0.0 0.0 0.0 0.0 0.0 0.0 0.0
202110121 1.0 0.0 0.0 0.0 0.0 0.0 0.0 0.0 0.0
202110112 1.0 0.0 0.0 0.0 0.0 0.0 0.0 0.0 0.0
202110010 1.0 0.0 0.0 0.0 0.0 0.0 0.0 0.0 0.0
202112011 1.0 0.0 0.0 0.0 0.0 0.0 0.0 0.0 0.0
202110211 1.0 0.0 0.0 0.0 0.0 0.0 0.0 0.0 0.0
202110001 1.0 0.0 0.0 0.0 0.0 0.0 0.0 0.0 0.0
200112100 1.0 0.0 0.0 0.0 0.0 0.0 0.0 0.0 0.0
200112121 1.0 0.0 0.0 0.0 0.0 0.0 0.0 0.0 0.0
200112112 1.0 0.0 0.0 0.0 0.0 0.0 0.0 0.0 0.0
200112010 1.0 0.0 0.0 0.0 0.0 0.0 0.0 0.0 0.0
200112211 1.0 0.0 0.0 0.0 0.0 0.0 0.0 0.0 0.0
200112001 1.0 0.0 0.0 0.0 0.0 0.0 0.0 0.0 0.0
200110210 1.0 0.0 0.0 0.0 0.0 0.0 0.0 0.0 0.0
200110201 1.0 0.0 0.0 0.0 0.0 0.0 0.0 0.0 0.0
200110120 1.0 0.0 0.0 0.0 0.0 0.0 0.0 0.0 0.0
200110021 1.0 0.0 0.0 0.0 0.0 0.0 0.0 0.0 0.0
200110102 1.0 0.0 0.0 0.0 0.0 0.0 0.0 0.0 0.0
200110012 1.0 0.0 0.0 0.0 0.0 0.0 0.0 0.0 0.0
200101000 1.0 0.0 0.0 0.0 0.0 0.0 0.0 0.0 0.0
220101100 1.0 0.0 0.0 0.0 0.0 0.0 0.0 0.0 0.0
220121110 1.0 0.0 0.0 0.0 0.0 0.0 0.0 0.0 0.0
220121101 1.0 0.0 0.0 0.0 0.0 0.0 0.0 0.0 0.0
220101121 1.0 0.0 0.0 0.0 0.0 0.0 0.0 0.0 0.0
220101112 1.0 0.0 0.0 0.0 0.0 0.0 0.0 0.0 0.0
220101010 1.0 0.0 0.0 0.0 0.0 0.0 0.0 0.0 0.0
220121011 1.0 0.0 0.0 0.0 0.0 0.0 0.0 0.0 0.0
220101211 1.0 0.0 0.0 0.0 0.0 0.0 0.0 0.0 0.0
220101001 1.0 0.0 0.0 0.0 0.0 0.0 0.0 0.0 0.0
202101100 1.0 0.0 0.0 0.0 0.0 0.0 0.0 0.0 0.0
202121110 1.0 0.0 0.0 0.0 0.0 0.0 0.0 0.0 0.0
202121101 1.0 0.0 0.0 0.0 0.0 0.0 0.0 0.0 0.0
202101121 1.0 0.0 0.0 0.0 0.0 0.0 0.0 0.0 0.0
202101112 1.0 0.0 0.0 0.0 0.0 0.0 0.0 0.0 0.0
202101010 1.0 0.0 0.0 0.0 0.0 0.0 0.0 0.0 0.0
202121011 1.0 0.0 0.0 0.0 0.0 0.0 0.0 0.0 0.0
202101211 1.0 0.0 0.0 0.0 0.0 0.0 0.0 0.0 0.0
202101001 1.0 0.0 0.0 0.0 0.0 0.0 0.0 0.0 0.0
200121100 1.0 0.0 0.0 0.0 0.0 0.0 0.0 0.0 0.0
200121121 1.0 0.0 0.0 0.0 0.0 0.0 0.0 0.0 0.0
200121010 1.0 0.0 0.0 0.0 0.0 0.0 0.0 0.0 0.0
200121211 1.0 0.0 0.0 0.0 0.0 0.0 0.0 0.0 0.0
200121001 1.0 0.0 0.0 0.0 0.0 0.0 0.0 0.0 0.0
200101210 1.0 0.0 0.0 0.0 0.0 0.0 0.0 0.0 0.0
200101201 1.0 0.0 0.0 0.0 0.0 0.0 0.0 0.0 0.0
200101120 1.0 0.0 0.0 0.0 0.0 0.0 0.0 0.0 0.0
200101021 1.0 0.0 0.0 0.0 0.0 0.0 0.0 0.0 0.0
200101102 1.0 0.0 0.0 0.0 0.0 0.0 0.0 0.0 0.0
200101012 1.0 0.0 0.0 0.0 0.0 0.0 0.0 0.0 0.0
200100100 1.0 0.0 0.0 0.0 0.0 0.0 0.0 0.0 0.0
220100110 1.0 0.0 0.0 0.0 0.0 0.0 0.0 0.0 0.0
220100101 1.0 0.0 0.0 0.0 0.0 0.0 0.0 0.0 0.0
202100110 1.0 0.0 0.0 0.0 0.0 0.0 0.0 0.0 0.0
202100101 1.0 0.0 0.0 0.0 0.0 0.0 0.0 0.0 0.0
200120110 1.0 0.0 0.0 0.0 0.0 0.0 0.0 0.0 0.0
200120101 1.0 0.0 0.0 0.0 0.0 0.0 0.0 0.0 0.0
200102110 1.0 0.0 0.0 0.0 0.0 0.0 0.0 0.0 0.0
200102101 1.0 0.0 0.0 0.0 0.0 0.0 0.0 0.0 0.0
200100121 1.0 0.0 0.0 0.0 0.0 0.0 0.0 0.0 0.0
200100112 1.0 0.0 0.0 0.0 0.0 0.0 0.0 0.0 0.0
200100010 1.0 0.0 0.0 0.0 0.0 0.0 0.0 0.0 0.0
220100011 1.0 0.0 0.0 0.0 0.0 0.0 0.0 0.0 0.0
202100011 1.0 0.0 0.0 0.0 0.0 0.0 0.0 0.0 0.0
200120011 1.0 0.0 0.0 0.0 0.0 0.0 0.0 0.0 0.0
200102011 1.0 0.0 0.0 0.0 0.0 0.0 0.0 0.0 0.0
200100211 1.0 0.0 0.0 0.0 0.0 0.0 0.0 0.0 0.0
200100001 1.0 0.0 0.0 0.0 0.0 0.0 0.0 0.0 0.0
020110000 1.0 0.0 0.0 0.0 0.0 0.0 0.0 0.0 0.0
022110100 1.0 0.0 0.0 0.0 0.0 0.0 0.0 0.0 0.0
022112110 1.0 0.0 0.0 0.0 0.0 0.0 0.0 0.0 0.0
022112101 1.0 0.0 0.0 0.0 0.0 0.0 0.0 0.0 0.0
022110121 1.0 0.0 0.0 0.0 0.0 0.0 0.0 0.0 0.0
022110112 1.0 0.0 0.0 0.0 0.0 0.0 0.0 0.0 0.0
022110010 1.0 0.0 0.0 0.0 0.0 0.0 0.0 0.0 0.0
022112011 1.0 0.0 0.0 0.0 0.0 0.0 0.0 0.0 0.0
022110211 1.0 0.0 0.0 0.0 0.0 0.0 0.0 0.0 0.0
022110001 1.0 0.0 0.0 0.0 0.0 0.0 0.0 0.0 0.0
020112100 0.0 0.0 0.0 0.0 0.0 0.0 0.0 1.0 0.0
020112121 1.0 0.0 0.0 0.0 0.0 0.0 0.0 0.0 0.0
020112112 1.0 0.0 0.0 0.0 0.0 0.0 0.0 0.0 0.0
020112010 1.0 0.0 0.0 0.0 0.0 0.0 0.0 0.0 0.0
020112211 1.0 0.0 0.0 0.0 0.0 0.0 0.0 0.0 0.0
020112001 0.0 0.0 0.0 0.0 0.0 0.0 1.0 0.0 0.0
020110210 1.0 0.0 0.0 0.0 0.0 0.0 0.0 0.0 0.0
020110201 0.0 0.0 0.0 0.0 0.0 1.0 0.0 0.0 0.0
020110120 0.0 0.0 0.0 0.0 0.0 1.0 0.0 0.0 0.0
020110021 0.0 0.0 0.0 0.0 0.0 1.0 0.0 0.0 0.0
020110102 0.0 0.0 0.0 0.0 0.0 1.0 0.0 0.0 0.0
020110012 1.0 0.0 0.0 0.0 0.0 0.0 0.0 0.0 0.0
020101000 1.0 0.0 0.0 0.0 0.0 0.0 0.0 0.0 0.0
022101100 1.0 0.0 0.0 0.0 0.0 0.0 0.0 0.0 0.0
022121110 1.0 0.0 0.0 0.0 0.0 0.0 0.0 0.0 0.0
022121101 1.0 0.0 0.0 0.0 0.0 0.0 0.0 0.0 0.0
022101121 1.0 0.0 0.0 0.0 0.0 0.0 0.0 0.0 0.0
022101112 1.0 0.0 0.0 0.0 0.0 0.0 0.0 0.0 0.0
022101010 1.0 0.0 0.0 0.0 0.0 0.0 0.0 0.0 0.0
022121011 1.0 0.0 0.0 0.0 0.0 0.0 0.0 0.0 0.0
022101211 1.0 0.0 0.0 0.0 0.0 0.0 0.0 0.0 0.0
022101001 1.0 0.0 0.0 0.0 0.0 0.0 0.0 0.0 0.0
020121100 1.0 0.0 0.0 0.0 0.0 0.0 0.0 0.0 0.0
020121112 1.0 0.0 0.0 0.0 0.0 0.0 0.0 0.0 0.0
020121010 1.0 0.0 0.0 0.0 0.0 0.0 0.0 0.0 0.0
020121211 1.0 0.0 0.0 0.0 0.0 0.0 0.0 0.0 0.0
020121001 1.0 0.0 0.0 0.0 0.0 0.0 0.0 0.0 0.0
020101210 1.0 0.0 0.0 0.0 0.0 0.0 0.0 0.0 0.0
020101201 1.0 0.0 0.0 0.0 0.0 0.0 0.0 0.0 0.0
020101120 0.0 0.0 0.0 0.0 0.0 0.0 0.0 0.0 1.0
020101021 1.0 0.0 0.0 0.0 0.0 0.0 0.0 0.0 0.0
020101102 0.0 0.0 0.0 0.0 0.0 0.0 0.0 1.0 0.0
020101012 1.0 0.0 0.0 0.0 0.0 0.0 0.0 0.0 0.0
020100100 0.0 0.0 0.0 0.0 1.0 0.0 0.0 0.0 0.0
022100110 1.0 0.0 0.0 0.0 0.0 0.0 0.0 0.0 0.0
022100101 1.0 0.0 0.0 0.0 0.0 0.0 0.0 0.0 0.0
020120110 0.0 0.0 0.0 0.0 0.0 1.0 0.0 0.0 0.0
020120101 0.0 0.0 0.0 0.0 0.0 1.0 0.0 0.0 0.0
020102110 0.0 0.0 0.0 0.0 1.0 0.0 0.0 0.0 0.0
020102101 0.0 0.0 0.0 0.0 1.0 0.0 0.0 0.0 0.0
020100121 0.0 0.0 0.0 0.0 0.0 1.0 0.0 0.0 0.0
020100112 0.0 0.0 0.0 0.0 0.0 1.0 0.0 0.0 0.0
020100010 1.0 0.0 0.0 0.0 0.0 0.0 0.0 0.0 0.0
022100011 1.0 0.0 0.0 0.0 0.0 0.0 0.0 0.0 0.0
020120011 1.0 0.0 0.0 0.0 0.0 0.0 0.0 0.0 0.0
020102011 1.0 0.0 0.0 0.0 0.0 0.0 0.0 0.0 0.0
020100211 1.0 0.0 0.0 0.0 0.0 0.0 0.0 0.0 0.0
020100001 1.0 0.0 0.0 0.0 0.0 0.0 0.0 0.0 0.0
002110000 1.0 0.0 0.0 0.0 0.0 0.0 0.0 0.0 0.0
002112100 0.0 0.0 0.0 0.0 0.0 0.0 0.0 1.0 0.0
002112121 1.0 0.0 0.0 0.0 0.0 0.0 0.0 0.0 0.0
002112010 1.0 0.0 0.0 0.0 0.0 0.0 0.0 0.0 0.0
002112211 1.0 0.0 0.0 0.0 0.0 0.0 0.0 0.0 0.0
002112001 0.0 0.0 0.0 0.0 0.0 0.0 1.0 0.0 0.0
002110210 1.0 0.0 0.0 0.0 0.0 0.0 0.0 0.0 0.0
002110201 0.0 0.0 0.0 0.0 0.0 1.0 0.0 0.0 0.0
002110120 0.0 0.0 0.0 0.0 0.0 1.0 0.0 0.0 0.0
002110021 0.0 0.0 0.0 0.0 0.0 1.0 0.0 0.0 0.0
002110102 0.0 0.0 0.0 0.0 0.0 0.0 0.0 1.0 0.0
002110012 1.0 0.0 0.0 0.0 0.0 0.0 0.0 0.0 0.0
002101000 1.0 0.0 0.0 0.0 0.0 0.0 0.0 0.0 0.0
002121100 0.0 0.0 0.0 0.0 0.0 0.0 0.0 1.0 0.0
002121121 1.0 0.0 0.0 0.0 0.0 0.0 0.0 0.0 0.0
002121112 1.0 0.0 0.0 0.0 0.0 0.0 0.0 0.0 0.0
002121010 1.0 0.0 0.0 0.0 0.0 0.0 0.0 0.0 0.0
002121001 1.0 0.0 0.0 0.0 0.0 0.0 0.0 0.0 0.0
002101210 1.0 0.0 0.0 0.0 0.0 0.0 0.0 0.0 0.0
002101201 1.0 0.0 0.0 0.0 0.0 0.0 0.0 0.0 0.0
002101120 0.0 0.0 0.0 0.0 1.0 0.0 0.0 0.0 0.0
002101021 1.0 0.0 0.0 0.0 0.0 0.0 0.0 0.0 0.0
002101102 0.0 0.0 0.0 0.0 0.0 0.0 0.0 1.0 0.0
002101012 1.0 0.0 0.0 0.0 0.0 0.0 0.0 0.0 0.0
002100100 0.0 0.0 0.0 0.0 1.0 0.0 0.0 0.0 0.0
002120110 0.0 0.0 0.0 0.0 0.0 1.0 0.0 0.0 0.0
002120101 0.0 0.0 0.0 0.0 0.0 1.0 0.0 0.0 0.0
002102110 0.0 0.0 0.0 0.0 1.0 0.0 0.0 0.0 0.0
002102101 0.0 0.0 0.0 0.0 1.0 0.0 0.0 0.0 0.0
002100121 0.0 0.0 0.0 0.0 1.0 0.0 0.0 0.0 0.0
002100112 1.0 0.0 0.0 0.0 0.0 0.0 0.0 0.0 0.0
002100010 1.0 0.0 0.0 0.0 0.0 0.0 0.0 0.0 0.0
002120011 1.0 0.0 0.0 0.0 0.0 0.0 0.0 0.0 0.0
002102011 1.0 0.0 0.0 0.0 0.0 0.0 0.0 0.0 0.0
002100211 1.0 0.0 0.0 0.0 0.0 0.0 0.0 0.0 0.0
002100001 1.0 0.0 0.0 0.0 0.0 0.0 0.0 0.0 0.0
000121000 1.0 0.0 0.0 0.0 0.0 0.0 0.0 0.0 0.0
000121210 1.0 0.0 0.0 0.0 0.0 0.0 0.0 0.0 0.0
000121201 1.0 0.0 0.0 0.0 0.0 0.0 0.0 0.0 0.0
000121120 0.0 0.0 1.0 0.0 0.0 0.0 0.0 0.0 0.0
000121021 1.0 0.0 0.0 0.0 0.0 0.0 0.0 0.0 0.0
000121102 1.0 0.0 0.0 0.0 0.0 0.0 0.0 0.0 0.0
000121012 1.0 0.0 0.0 0.0 0.0 0.0 0.0 0.0 0.0
000120100 0.0 1.0 0.0 0.0 0.0 0.0 0.0 0.0 0.0
000122110 0.0 1.0 0.0 0.0 0.0 0.0 0.0 0.0 0.0
000122101 0.0 1.0 0.0 0.0 0.0 0.0 0.0 0.0 0.0
000120121 0.0 0.0 1.0 0.0 0.0 0.0 0.0 0.0 0.0
000120112 1.0 0.0 0.0 0.0 0.0 0.0 0.0 0.0 0.0
000120010 1.0 0.0 0.0 0.0 0.0 0.0 0.0 0.0 0.0
000122011 1.0 0.0 0.0 0.0 0.0 0.0 0.0 0.0 0.0
000120211 1.0 0.0 0.0 0.0 0.0 0.0 0.0 0.0 0.0
000120001 1.0 0.0 0.0 0.0 0.0 0.0 0.0 0.0 0.0
000112000 1.0 0.0 0.0 0.0 0.0 0.0 0.0 0.0 0.0
000112210 1.0 0.0 0.0 0.0 0.0 0.0 0.0 0.0 0.0
000112201 0.0 1.0 0.0 0.0 0.0 0.0 0.0 0.0 0.0
000112120 0.0 1.0 0.0 0.0 0.0 0.0 0.0 0.0 0.0
000112021 0.0 1.0 0.0 0.0 0.0 0.0 0.0 0.0 0.0
000112102 0.0 1.0 0.0 0.0 0.0 0.0 0.0 0.0 0.0
000112012 1.0 0.0 0.0 0.0 0.0 0.0 0.0 0.0 0.0
000102100 0.0 1.0 0.0 0.0 0.0 0.0 0.0 0.0 0.0
000102121 0.0 1.0 0.0 0.0 0.0 0.0 0.0 0.0 0.0
000102112 0.0 1.0 0.0 0.0 0.0 0.0 0.0 0.0 0.0
000102010 1.0 0.0 0.0 0.0 0.0 0.0 0.0 0.0 0.0
000102211 1.0 0.0 0.0 0.0 0.0 0.0 0.0 0.0 0.0
000102001 1.0 0.0 0.0 0.0 0.0 0.0 0.0 0.0 0.0
000110200 1.0 0.0 0.0 0.0 0.0 0.0 0.0 0.0 0.0
000110221 0.0 1.0 0.0 0.0 0.0 0.0 0.0 0.0 0.0
000110212 1.0 0.0 0.0 0.0 0.0 0.0 0.0 0.0 0.0
000101200 1.0 0.0 0.0 0.0 0.0 0.0 0.0 0.0 0.0
000101221 1.0 0.0 0.0 0.0 0.0 0.0 0.0 0.0 0.0
000101212 1.0 0.0 0.0 0.0 0.0 0.0 0.0 0.0 0.0
000100210 1.0 0.0 0.0 0.0 0.0 0.0 0.0 0.0 0.0
000100201 1.0 0.0 0.0 0.0 0.0 0.0 0.0 0.0 0.0
000110020 1.0 0.0 0.0 0.0 0.0 0.0 0.0 0.0 0.0
000110122 0.0 1.0 0.0 0.0 0.0 0.0 0.0 0.0 0.0
000101020 1.0 0.0 0.0 0.0 0.0 0.0 0.0 0.0 0.0
000101122 0.0 1.0 0.0 0.0 0.0 0.0 0.0 0.0 0.0
000100120 0.0 1.0 0.0 0.0 0.0 0.0 0.0 0.0 0.0
000100021 1.0 0.0 0.0 0.0 0.0 0.0 0.0 0.0 0.0
000110002 1.0 0.0 0.0 0.0 0.0 0.0 0.0 0.0 0.0
000101002 1.0 0.0 0.0 0.0 0.0 0.0 0.0 0.0 0.0
000100102 0.0 1.0 0.0 0.0 0.0 0.0 0.0 0.0 0.0
000100012 1.0 0.0 0.0 0.0 0.0 0.0 0.0 0.0 0.0
000010000 1.0 0.0 0.0 0.0 0.0 0.0 0.0 0.0 0.0
200011000 1.0 0.0 0.0 0.0 0.0 0.0 0.0 0.0 0.0
220011100 1.0 0.0 0.0 0.0 0.0 0.0 0.0 0.0 0.0
220211110 1.0 0.0 0.0 0.0 0.0 0.0 0.0 0.0 0.0
220211101 1.0 0.0 0.0 0.0 0.0 0.0 0.0 0.0 0.0
220011121 1.0 0.0 0.0 0.0 0.0 0.0 0.0 0.0 0.0
220011112 1.0 0.0 0.0 0.0 0.0 0.0 0.0 0.0 0.0
220011010 1.0 0.0 0.0 0.0 0.0 0.0 0.0 0.0 0.0
220211011 1.0 0.0 0.0 0.0 0.0 0.0 0.0 0.0 0.0
220011211 1.0 0.0 0.0 0.0 0.0 0.0 0.0 0.0 0.0
220011001 1.0 0.0 0.0 0.0 0.0 0.0 0.0 0.0 0.0
202011100 1.0 0.0 0.0 0.0 0.0 0.0 0.0 0.0 0.0
202211110 1.0 0.0 0.0 0.0 0.0 0.0 0.0 0.0 0.0
202211101 1.0 0.0 0.0 0.0 0.0 0.0 0.0 0.0 0.0
202011121 1.0 0.0 0.0 0.0 0.0 0.0 0.0 0.0 0.0
202011112 1.0 0.0 0.0 0.0 0.0 0.0 0.0 0.0 0.0
202011010 1.0 0.0 0.0 0.0 0.0 0.0 0.0 0.0 0.0
202211011 1.0 0.0 0.0 0.0 0.0 0.0 0.0 0.0 0.0
202011211 1.0 0.0 0.0 0.0 0.0 0.0 0.0 0.0 0.0
202011001 1.0 0.0 0.0 0.0 0.0 0.0 0.0 0.0 0.0
200211100 1.0 0.0 0.0 0.0 0.0 0.0 0.0 0.0 0.0
200211121 1.0 0.0 0.0 0.0 0.0 0.0 0.0 0.0 0.0
200211112 1.0 0.0 0.0 0.0 0.0 0.0 0.0 0.0 0.0
200211010 1.0 0.0 0.0 0.0 0.0 0.0 0.0 0.0 0.0
200211001 1.0 0.0 0.0 0.0 0.0 0.0 0.0 0.0 0.0
200011210 1.0 0.0 0.0 0.0 0.0 0.0 0.0 0.0 0.0
200011201 1.0 0.0 0.0 0.0 0.0 0.0 0.0 0.0 0.0
200011120 1.0 0.0 0.0 0.0 0.0 0.0 0.0 0.0 0.0
200011021 1.0 0.0 0.0 0.0 0.0 0.0 0.0 0.0 0.0
200011102 1.0 0.0 0.0 0.0 0.0 0.0 0.0 0.0 0.0
200011012 1.0 0.0 0.0 0.0 0.0 0.0 0.0 0.0 0.0
200010100 1.0 0.0 0.0 0.0 0.0 0.0 0.0 0.0 0.0
220010110 1.0 0.0 0.0 0.0 0.0 0.0 0.0 0.0 0.0
220010101 1.0 0.0 0.0 0.0 0.0 0.0 0.0 0.0 0.0
202010110 1.0 0.0 0.0 0.0 0.0 0.0 0.0 0.0 0.0
202010101 1.0 0.0 0.0 0.0 0.0 0.0 0.0 0.0 0.0
200210110 1.0 0.0 0.0 0.0 0.0 0.0 0.0 0.0 0.0
200210101 1.0 0.0 0.0 0.0 0.0 0.0 0.0 0.0 0.0
200012110 1.0 0.0 0.0 0.0 0.0 0.0 0.0 0.0 0.0
200012101 1.0 0.0 0.0 0.0 0.0 0.0 0.0 0.0 0.0
200010121 1.0 0.0 0.0 0.0 0.0 0.0 0.0 0.0 0.0
200010112 1.0 0.0 0.0 0.0 0.0 0.0 0.0 0.0 0.0
200010010 1.0 0.0 0.0 0.0 0.0 0.0 0.0 0.0 0.0
220010011 1.0 0.0 0.0 0.0 0.0 0.0 0.0 0.0 0.0
202010011 1.0 0.0 0.0 0.0 0.0 0.0 0.0 0.0 0.0
200210011 1.0 0.0 0.0 0.0 0.0 0.0 0.0 0.0 0.0
200012011 1.0 0.0 0.0 0.0 0.0 0.0 0.0 0.0 0.0
200010211 1.0 0.0 0.0 0.0 0.0 0.0 0.0 0.0 0.0
200010001 1.0 0.0 0.0 0.0 0.0 0.0 0.0 0.0 0.0
020011000 1.0 0.0 0.0 0.0 0.0 0.0 0.0 0.0 0.0
022011100 1.0 0.0 0.0 0.0 0.0 0.0 0.0 0.0 0.0
022211110 1.0 0.0 0.0 0.0 0.0 0.0 0.0 0.0 0.0
022211101 1.0 0.0 0.0 0.0 0.0 0.0 0.0 0.0 0.0
022011121 1.0 0.0 0.0 0.0 0.0 0.0 0.0 0.0 0.0
022011112 1.0 0.0 0.0 0.0 0.0 0.0 0.0 0.0 0.0
022011010 1.0 0.0 0.0 0.0 0.0 0.0 0.0 0.0 0.0
022211011 1.0 0.0 0.0 0.0 0.0 0.0 0.0 0.0 0.0
022011211 1.0 0.0 0.0 0.0 0.0 0.0 0.0 0.0 0.0
022011001 1.0 0.0 0.0 0.0 0.0 0.0 0.0 0.0 0.0
020211100 1.0 0.0 0.0 0.0 0.0 0.0 0.0 0.0 0.0
020211121 1.0 0.0 0.0 0.0 0.0 0.0 0.0 0.0 0.0
020211112 1.0 0.0 0.0 0.0 0.0 0.0 0.0 0.0 0.0
020211010 1.0 0.0 0.0 0.0 0.0 0.0 0.0 0.0 0.0
020211211 1.0 0.0 0.0 0.0 0.0 0.0 0.0 0.0 0.0
020211001 0.0 0.0 0.0 0.0 0.0 0.0 0.0 1.0 0.0
020011210 1.0 0.0 0.0 0.0 0.0 0.0 0.0 0.0 0.0
020011201 0.0 0.0 0.0 0.0 0.0 0.0 0.0 1.0 0.0
020011120 1.0 0.0 0.0 0.0 0.0 0.0 0.0 0.0 0.0
020011021 0.0 0.0 0.0 1.0 0.0 0.0 0.0 0.0 0.0
020011102 1.0 0.0 0.0 0.0 0.0 0.0 0.0 0.0 0.0
020011012 1.0 0.0 0.0 0.0 0.0 0.0 0.0 0.0 0.0
020010100 1.0 0.0 0.0 0.0 0.0 0.0 0.0 0.0 0.0
022010110 1.0 0.0 0.0 0.0 0.0 0.0 0.0 0.0 0.0
022010101 1.0 0.0 0.0 0.0 0.0 0.0 0.0 0.0 0.0
020210110 1.0 0.0 0.0 0.0 0.0 0.0 0.0 0.0 0.0
020210101 0.0 0.0 0.0 0.0 0.0 1.0 0.0 0.0 0.0
020012110 1.0 0.0 0.0 0.0 0.0 0.0 0.0 0.0 0.0
020012101 0.0 0.0 0.0 1.0 0.0 0.0 0.0 0.0 0.0
020010121 0.0 0.0 0.0 1.0 0.0 0.0 0.0 0.0 0.0
020010112 1.0 0.0 0.0 0.0 0.0 0.0 0.0 0.0 0.0
020010010 1.0 0.0 0.0 0.0 0.0 0.0 0.0 0.0 0.0
022010011 1.0 0.0 0.0 0.0 0.0 0.0 0.0 0.0 0.0
020210011 0.0 0.0 0.0 0.0 0.0 1.0 0.0 0.0 0.0
020012011 0.0 0.0 0.0 1.0 0.0 0.0 0.0 0.0 0.0
020010211 0.0 0.0 0.0 0.0 0.0 1.0 0.0 0.0 0.0
020010001 0.0 0.0 0.0 1.0 0.0 0.0 0.0 0.0 0.0
002011000 1.0 0.0 0.0 0.0 0.0 0.0 0.0 0.0 0.0
002211100 1.0 0.0 0.0 0.0 0.0 0.0 0.0 0.0 0.0
002211121 1.0 0.0 0.0 0.0 0.0 0.0 0.0 0.0 0.0
002211112 1.0 0.0 0.0 0.0 0.0 0.0 0.0 0.0 0.0
002211010 1.0 0.0 0.0 0.0 0.0 0.0 0.0 0.0 0.0
002211211 1.0 0.0 0.0 0.0 0.0 0.0 0.0 0.0 0.0
002211001 0.0 0.0 0.0 0.0 0.0 0.0 0.0 1.0 0.0
002011210 1.0 0.0 0.0 0.0 0.0 0.0 0.0 0.0 0.0
002011201 0.0 0.0 0.0 0.0 0.0 0.0 0.0 1.0 0.0
002011120 1.0 0.0 0.0 0.0 0.0 0.0 0.0 0.0 0.0
002011021 0.0 0.0 0.0 1.0 0.0 0.0 0.0 0.0 0.0
002011102 1.0 0.0 0.0 0.0 0.0 0.0 0.0 0.0 0.0
002011012 1.0 0.0 0.0 0.0 0.0 0.0 0.0 0.0 0.0
002010100 1.0 0.0 0.0 0.0 0.0 0.0 0.0 0.0 0.0
002210110 1.0 0.0 0.0 0.0 0.0 0.0 0.0 0.0 0.0
002210101 0.0 0.0 0.0 0.0 0.0 1.0 0.0 0.0 0.0
002012110 1.0 0.0 0.0 0.0 0.0 0.0 0.0 0.0 0.0
002012101 0.0 0.0 0.0 1.0 0.0 0.0 0.0 0.0 0.0
002010121 0.0 0.0 0.0 1.0 0.0 0.0 0.0 0.0 0.0
002010112 1.0 0.0 0.0 0.0 0.0 0.0 0.0 0.0 0.0
002010010 1.0 0.0 0.0 0.0 0.0 0.0 0.0 0.0 0.0
002210011 0.0 0.0 0.0 0.0 0.0 1.0 0.0 0.0 0.0
002012011 0.0 0.0 0.0 1.0 0.0 0.0 0.0 0.0 0.0
002010211 0.0 0.0 0.0 0.0 0.0 1.0 0.0 0.0 0.0
002010001 0.0 0.0 0.0 1.0 0.0 0.0 0.0 0.0 0.0
000211000 1.0 0.0 0.0 0.0 0.0 0.0 0.0 0.0 0.0
000211210 1.0 0.0 0.0 0.0 0.0 0.0 0.0 0.0 0.0
000211201 1.0 0.0 0.0 0.0 0.0 0.0 0.0 0.0 0.0
000211120 1.0 0.0 0.0 0.0 0.0 0.0 0.0 0.0 0.0
000211021 0.0 1.0 0.0 0.0 0.0 0.0 0.0 0.0 0.0
000211102 1.0 0.0 0.0 0.0 0.0 0.0 0.0 0.0 0.0
000211012 1.0 0.0 0.0 0.0 0.0 0.0 0.0 0.0 0.0
000210100 1.0 0.0 0.0 0.0 0.0 0.0 0.0 0.0 0.0
000212110 1.0 0.0 0.0 0.0 0.0 0.0 0.0 0.0 0.0
000212101 0.0 1.0 0.0 0.0 0.0 0.0 0.0 0.0 0.0
000210121 0.0 1.0 0.0 0.0 0.0 0.0 0.0 0.0 0.0
000210112 1.0 0.0 0.0 0.0 0.0 0.0 0.0 0.0 0.0
000210010 1.0 0.0 0.0 0.0 0.0 0.0 0.0 0.0 0.0
000212011 0.0 1.0 0.0 0.0 0.0 0.0 0.0 0.0 0.0
000210211 1.0 0.0 0.0 0.0 0.0 0.0 0.0 0.0 0.0
000210001 0.0 1.0 0.0 0.0 0.0 0.0 0.0 0.0 0.0
000012100 1.0 0.0 0.0 0.0 0.0 0.0 0.0 0.0 0.0
000012121 0.0 1.0 0.0 0.0 0.0 0.0 0.0 0.0 0.0
000012112 1.0 0.0 0.0 0.0 0.0 0.0 0.0 0.0 0.0
000012010 1.0 0.0 0.0 0.0 0.0 0.0 0.0 0.0 0.0
000012211 0.0 1.0 0.0 0.0 0.0 0.0 0.0 0.0 0.0
000012001 0.0 1.0 0.0 0.0 0.0 0.0 0.0 0.0 0.0
000011200 1.0 0.0 0.0 0.0 0.0 0.0 0.0 0.0 0.0
000011221 0.0 1.0 0.0 0.0 0.0 0.0 0.0 0.0 0.0
000011212 1.0 0.0 0.0 0.0 0.0 0.0 0.0 0.0 0.0
000010210 1.0 0.0 0.0 0.0 0.0 0.0 0.0 0.0 0.0
000010201 0.0 1.0 0.0 0.0 0.0 0.0 0.0 0.0 0.0
000011020 1.0 0.0 0.0 0.0 0.0 0.0 0.0 0.0 0.0
000011122 1.0 0.0 0.0 0.0 0.0 0.0 0.0 0.0 0.0
000010120 1.0 0.0 0.0 0.0 0.0 0.0 0.0 0.0 0.0
000010021 0.0 1.0 0.0 0.0 0.0 0.0 0.0 0.0 0.0
000011002 1.0 0.0 0.0 0.0 0.0 0.0 0.0 0.0 0.0
000010102 1.0 0.0 0.0 0.0 0.0 0.0 0.0 0.0 0.0
000010012 1.0 0.0 0.0 0.0 0.0 0.0 0.0 0.0 0.0
000001000 1.0 0.0 0.0 0.0 0.0 0.0 0.0 0.0 0.0
200001100 1.0 0.0 0.0 0.0 0.0 0.0 0.0 0.0 0.0
220001110 1.0 0.0 0.0 0.0 0.0 0.0 0.0 0.0 0.0
220001101 1.0 0.0 0.0 0.0 0.0 0.0 0.0 0.0 0.0
202001110 1.0 0.0 0.0 0.0 0.0 0.0 0.0 0.0 0.0
202001101 1.0 0.0 0.0 0.0 0.0 0.0 0.0 0.0 0.0
200201110 1.0 0.0 0.0 0.0 0.0 0.0 0.0 0.0 0.0
200201101 1.0 0.0 0.0 0.0 0.0 0.0 0.0 0.0 0.0
200021110 1.0 0.0 0.0 0.0 0.0 0.0 0.0 0.0 0.0
200021101 1.0 0.0 0.0 0.0 0.0 0.0 0.0 0.0 0.0
200001121 1.0 0.0 0.0 0.0 0.0 0.0 0.0 0.0 0.0
200001112 1.0 0.0 0.0 0.0 0.0 0.0 0.0 0.0 0.0
200001010 1.0 0.0 0.0 0.0 0.0 0.0 0.0 0.0 0.0
220001011 1.0 0.0 0.0 0.0 0.0 0.0 0.0 0.0 0.0
202001011 1.0 0.0 0.0 0.0 0.0 0.0 0.0 0.0 0.0
200201011 1.0 0.0 0.0 0.0 0.0 0.0 0.0 0.0 0.0
200021011 1.0 0.0 0.0 0.0 0.0 0.0 0.0 0.0 0.0
200001211 1.0 0.0 0.0 0.0 0.0 0.0 0.0 0.0 0.0
200001001 1.0 0.0 0.0 0.0 0.0 0.0 0.0 0.0 0.0
020001100 1.0 0.0 0.0 0.0 0.0 0.0 0.0 0.0 0.0
022001110 1.0 0.0 0.0 0.0 0.0 0.0 0.0 0.0 0.0
022001101 1.0 0.0 0.0 0.0 0.0 0.0 0.0 0.0 0.0
020201110 1.0 0.0 0.0 0.0 0.0 0.0 0.0 0.0 0.0
020201101 1.0 0.0 0.0 0.0 0.0 0.0 0.0 0.0 0.0
020021110 1.0 0.0 0.0 0.0 0.0 0.0 0.0 0.0 0.0
020021101 1.0 0.0 0.0 0.0 0.0 0.0 0.0 0.0 0.0
020001121 1.0 0.0 0.0 0.0 0.0 0.0 0.0 0.0 0.0
020001112 1.0 0.0 0.0 0.0 0.0 0.0 0.0 0.0 0.0
020001010 1.0 0.0 0.0 0.0 0.0 0.0 0.0 0.0 0.0
022001011 1.0 0.0 0.0 0.0 0.0 0.0 0.0 0.0 0.0
020201011 1.0 0.0 0.0 0.0 0.0 0.0 0.0 0.0 0.0
020021011 1.0 0.0 0.0 0.0 0.0 0.0 0.0 0.0 0.0
020001211 1.0 0.0 0.0 0.0 0.0 0.0 0.0 0.0 0.0
020001001 1.0 0.0 0.0 0.0 0.0 0.0 0.0 0.0 0.0
002001100 1.0 0.0 0.0 0.0 0.0 0.0 0.0 0.0 0.0
002201110 1.0 0.0 0.0 0.0 0.0 0.0 0.0 0.0 0.0
002201101 1.0 0.0 0.0 0.0 0.0 0.0 0.0 0.0 0.0
002021110 1.0 0.0 0.0 0.0 0.0 0.0 0.0 0.0 0.0
002021101 1.0 0.0 0.0 0.0 0.0 0.0 0.0 0.0 0.0
002001121 1.0 0.0 0.0 0.0 0.0 0.0 0.0 0.0 0.0
002001112 1.0 0.0 0.0 0.0 0.0 0.0 0.0 0.0 0.0
002001010 1.0 0.0 0.0 0.0 0.0 0.0 0.0 0.0 0.0
002201011 1.0 0.0 0.0 0.0 0.0 0.0 0.0 0.0 0.0
002021011 1.0 0.0 0.0 0.0 0.0 0.0 0.0 0.0 0.0
002001211 1.0 0.0 0.0 0.0 0.0 0.0 0.0 0.0 0.0
002001001 1.0 0.0 0.0 0.0 0.0 0.0 0.0 0.0 0.0
000201100 1.0 0.0 0.0 0.0 0.0 0.0 0.0 0.0 0.0
000221110 1.0 0.0 0.0 0.0 0.0 0.0 0.0 0.0 0.0
000221101 1.0 0.0 0.0 0.0 0.0 0.0 0.0 0.0 0.0
000201121 1.0 0.0 0.0 0.0 0.0 0.0 0.0 0.0 0.0
000201112 1.0 0.0 0.0 0.0 0.0 0.0 0.0 0.0 0.0
000201010 1.0 0.0 0.0 0.0 0.0 0.0 0.0 0.0 0.0
000221011 1.0 0.0 0.0 0.0 0.0 0.0 0.0 0.0 0.0
000201211 1.0 0.0 0.0 0.0 0.0 0.0 0.0 0.0 0.0
000201001 1.0 0.0 0.0 0.0 0.0 0.0 0.0 0.0 0.0
000021100 1.0 0.0 0.0 0.0 0.0 0.0 0.0 0.0 0.0
000021121 1.0 0.0 0.0 0.0 0.0 0.0 0.0 0.0 0.0
000021112 1.0 0.0 0.0 0.0 0.0 0.0 0.0 0.0 0.0
000021010 1.0 0.0 0.0 0.0 0.0 0.0 0.0 0.0 0.0
000021211 1.0 0.0 0.0 0.0 0.0 0.0 0.0 0.0 0.0
000021001 1.0 0.0 0.0 0.0 0.0 0.0 0.0 0.0 0.0
000001210 1.0 0.0 0.0 0.0 0.0 0.0 0.0 0.0 0.0
000001201 1.0 0.0 0.0 0.0 0.0 0.0 0.0 0.0 0.0
000001120 1.0 0.0 0.0 0.0 0.0 0.0 0.0 0.0 0.0
000001021 1.0 0.0 0.0 0.0 0.0 0.0 0.0 0.0 0.0
000001102 1.0 0.0 0.0 0.0 0.0 0.0 0.0 0.0 0.0
000001012 1.0 0.0 0.0 0.0 0.0 0.0 0.0 0.0 0.0
000000100 1.0 0.0 0.0 0.0 0.0 0.0 0.0 0.0 0.0
200000110 1.0 0.0 0.0 0.0 0.0 0.0 0.0 0.0 0.0
200000101 1.0 0.0 0.0 0.0 0.0 0.0 0.0 0.0 0.0
020000110 1.0 0.0 0.0 0.0 0.0 0.0 0.0 0.0 0.0
020000101 1.0 0.0 0.0 0.0 0.0 0.0 0.0 0.0 0.0
002000110 1.0 0.0 0.0 0.0 0.0 0.0 0.0 0.0 0.0
002000101 1.0 0.0 0.0 0.0 0.0 0.0 0.0 0.0 0.0
000200110 1.0 0.0 0.0 0.0 0.0 0.0 0.0 0.0 0.0
000200101 1.0 0.0 0.0 0.0 0.0 0.0 0.0 0.0 0.0
000020110 1.0 0.0 0.0 0.0 0.0 0.0 0.0 0.0 0.0
000020101 1.0 0.0 0.0 0.0 0.0 0.0 0.0 0.0 0.0
000002110 1.0 0.0 0.0 0.0 0.0 0.0 0.0 0.0 0.0
000002101 1.0 0.0 0.0 0.0 0.0 0.0 0.0 0.0 0.0
000000121 1.0 0.0 0.0 0.0 0.0 0.0 0.0 0.0 0.0
000000112 1.0 0.0 0.0 0.0 0.0 0.0 0.0 0.0 0.0
000000010 1.0 0.0 0.0 0.0 0.0 0.0 0.0 0.0 0.0
200000011 1.0 0.0 0.0 0.0 0.0 0.0 0.0 0.0 0.0
020000011 1.0 0.0 0.0 0.0 0.0 0.0 0.0 0.0 0.0
002000011 1.0 0.0 0.0 0.0 0.0 0.0 0.0 0.0 0.0
000200011 1.0 0.0 0.0 0.0 0.0 0.0 0.0 0.0 0.0
000020011 1.0 0.0 0.0 0.0 0.0 0.0 0.0 0.0 0.0
000002011 1.0 0.0 0.0 0.0 0.0 0.0 0.0 0.0 0.0
000000211 1.0 0.0 0.0 0.0 0.0 0.0 0.0 0.0 0.0
000000001 1.0 0.0 0.0 0.0 0.0 0.0 0.0 0.0 0.0
